0,33.596146
1,28.504964
1,33.478722
2,33.143498
3,41.238458
4,29.894378
5,39.359859
5,37.230004
6,40.029557
6,33.5432197
7,36.02823
7,33.609159
8,37.117108
9,35.490376
10,37.133514
11,34.0463802
12,34.9198793
12,41.1281024
13,41.551962
14,39.019833
14,34.588891
15,30.483114
15,42.648099
16,40.992839
16,38.785465
17,44.627025
17,47.865754
18,42.209328
19,42.56033
19,30.436819
20,32.596094
21,38.485575
21,33.757227
22,31.10974
23,45.335366
23,29.4990441
24,42.882479
25,41.760285
25,36.396561
26,41.7424997
26,40.7878265
27,38.880878
27,45.0563683
28,32.774685
29,40.726907
30,37.138803
30,42.621319
31,35.3331
32,29.778912
32,31.231526
33,36.488342
33,26.610823
34,27.7572296
34,30.395741
35,30.866174
35,26.270825
36,34.959728
36,33.820498
37,35.577077
37,41.9347406
38,28.389851
39,34.221331
40,47.5229841
40,26.689142
41,34.7342509
41,38.957531
42,35.838403
42,35.538043
43,33.717465
43,31.292001
44,34.155229
45,34.02128
45,32.5907686
46,32.551232
47,28.906876
48,41.933426
48,33.478722
49,43.319893
50,39.596322
50,30.37753
51,32.543518
52,43.333921
53,39.977681
54,32.326622
54,26.2874705
55,30.333624
56,33.964176
57,35.888765
57,30.152304
58,37.511302
59,41.309977
59,39.926499
60,30.403829
61,33.798413
62,39.9756642
62,37.694458
63,26.671878
63,38.14942
64,27.829339
65,38.704318
66,32.552444
66,38.80882
67,32.8090607
67,39.206333
68,40.561577
68,32.400301
69,33.917546
69,39.083457
70,35.703382
71,38.309011
72,33.767668
72,35.665621
73,32.534396
74,32.5770666
75,32.4341545
75,38.5961282
76,36.24055
77,38.662953
77,41.29143
78,34.775819
79,29.894378
79,35.334147
80,28.631976
81,34.959728
81,32.506142
82,43.173711
83,42.1525
84,43.066512
84,34.948143
85,41.5922214
85,32.084845
86,37.060797
86,36.002186
87,42.033289
87,28.222798
88,28.422051
89,34.726994
90,44.897067
91,34.2801955
92,41.507494
93,40.736437
93,39.7110384
94,36.08324
94,40.442519
95,39.496607
96,42.647805
96,27.8943892
97,34.647258
98,41.43277
98,29.829851
99,44.354549
99,38.002606
100,42.278396
100,36.1231761
101,37.484701
102,42.55141
102,42.513919
103,43.409163
104,40.546574
105,39.808617
105,28.255445
106,36.088885
107,43.907103
108,34.078384
108,33.413821
109,36.088885
109,30.456509
110,36.829961
111,35.386354
112,33.872491
112,33.039071
113,35.144689
113,40.083475
114,38.580049
114,37.22725
115,40.657293
116,44.27772
117,47.491452
118,32.745312
118,40.422824
119,34.667147
119,41.407877
120,30.403829
121,28.612495
122,36.948807
122,38.752864
123,44.411593
124,34.424199
125,33.459558
125,39.0747105
126,39.823698
126,44.07697
127,36.946462
128,30.477426
128,42.172343
129,27.608819
129,32.211604
130,34.630698
131,43.548914
132,40.992839
133,35.0545697
133,38.854186
134,31.811007
135,46.143162
136,39.853829
137,41.396587
137,33.935634
138,32.227804
138,40.586243
139,32.902041
140,35.513194
140,39.311522
141,29.497881
142,42.55444
142,40.52654
143,33.236372
143,39.486923
144,33.393498
144,32.473542
145,43.192887
146,41.244171
147,33.35103
147,36.7318789
148,45.6695255
149,38.36144
149,41.739791
150,38.635584
151,30.527664
151,38.774005
152,39.424718
153,40.404373
153,37.410677
154,41.116058
155,33.63588
156,42.0980861
157,34.477048
157,30.4098482
158,32.275089
159,45.7524691
159,44.0459
160,33.664699
160,39.989348
161,34.247854
161,33.552575
162,36.755728
162,32.425554
163,30.177358
163,33.796641
164,37.971663
165,37.65447
165,43.179211
166,33.347947
166,35.798588
167,32.211604
168,33.134578
168,42.664048
169,41.551962
170,41.350947
170,29.4878928
171,33.971139
172,43.817639
172,44.781099
173,37.126268
174,40.978989
174,36.810606
175,26.6309088
176,39.540389
177,36.050008
177,40.261651
178,31.577418
178,34.250827
179,37.805879
179,64.856378
180,37.400846
181,33.703645
182,37.2458298
182,42.72877
183,32.385046
183,35.654823
184,30.761862
184,35.140734
185,31.650027
185,27.9870445
186,26.693816
187,32.882306
188,38.674715
188,35.559783
189,41.34997
189,41.2013398
190,46.908396
191,43.323635
192,38.954911
193,38.067831
194,32.764623
194,38.78799
195,42.580217
195,32.275089
196,39.660399
196,29.5744773
197,37.92381
197,37.515657
198,37.551571
199,27.679204
200,42.026224
201,28.537096
202,42.491861
203,28.395378
204,36.324329
204,36.720647
205,43.941269
205,39.624903
206,35.357235
206,32.338638
207,41.052608
207,40.780681
208,40.978989
208,29.4901145
209,32.97197
210,40.455457
211,36.03112
212,41.477509
213,42.0980861
214,33.642779
215,42.7277
215,30.3475451
216,39.733863
217,41.176255
218,32.467307
218,34.050394
219,26.610823
220,40.515671
221,40.341812
221,47.848617
222,42.249781
223,37.9981886
223,42.983582
224,29.986171
224,36.810606
225,37.699249
225,38.581143
226,38.994557
227,29.536603
228,33.596282
228,45.522178
229,28.341551
229,32.750915
230,31.843586
231,32.6744478
231,33.806034
232,25.935789
232,39.826734
233,33.7083498
233,37.4426233
234,30.46707
235,35.072895
235,30.3021097
236,38.923919
236,35.47119
237,29.778912
237,45.541121
238,34.831972
239,26.679553
240,40.305619
240,36.975625
241,34.965043
242,36.513272
242,36.11089
243,43.10445
243,34.670137
244,40.442519
245,28.784512
245,36.439395
246,41.551962
246,35.176134
247,41.59913
248,35.483343
248,26.762254
249,45.711725
250,45.491296
251,29.91345
252,32.812396
253,38.765978
254,43.54115
255,40.898979
256,32.695707
256,39.853829
257,34.071943
257,35.25656
258,26.1832411
259,42.122991
260,35.111968
261,32.8090607
262,39.120508
263,39.188472
264,32.813411
264,36.836316
265,30.425341
266,29.536603
267,29.818473
267,35.952496
268,32.542098
268,38.3283334
269,38.675429
269,32.950336
270,41.295443
270,31.220298
271,37.553369
272,33.1759079
273,42.33185
273,34.861739
274,29.265049
274,34.073315
275,43.094308
276,46.119315
276,32.712387
277,40.530175
277,36.156329
278,43.190503
279,38.662953
279,41.574788
280,39.076252
281,36.3088479
281,46.292561
282,42.868442
283,36.986766
284,34.023274
285,33.414323
286,31.688927
287,31.089533
287,36.638695
288,39.684407
288,41.014001
289,39.039531
290,29.694586
290,35.855633
291,36.839161
291,25.928265
292,26.125185
293,38.870255
294,34.556416
294,35.5091166
295,37.5589096
295,34.630698
296,34.6971752
296,33.800975
297,41.933638
297,42.792319
298,45.491296
298,41.128329
299,36.778967
300,30.425341
301,45.541121
302,42.238635
303,35.072895
304,43.618101
304,39.522633
305,35.20219
306,40.836824
306,32.479497
307,31.742491
307,31.869188
308,37.999851
309,28.6495856
310,30.461987
310,35.005441
311,35.692223
311,29.652058
312,32.288399
312,41.270691
313,30.069345
313,32.906238
314,27.8158476
315,31.367011
315,44.27772
316,32.590144
317,39.456055
317,35.732122
318,27.0022316
319,41.494392
320,40.847635
321,38.50661
322,30.268847
322,41.788163
323,35.898133
324,32.423808
324,41.097718
325,36.1231761
325,36.693096
326,39.6139062
326,39.488698
327,31.895721
327,38.780009
328,42.987657
328,35.752502
329,43.035562
330,37.5589096
331,42.0679412
331,35.248406
332,31.178814
332,42.135539
333,43.720249
334,40.822864
335,42.694054
335,25.9524
336,35.511165
336,35.567322
337,40.0822209
338,30.064712
339,37.484701
339,36.145608
340,43.433738
341,39.689426
341,41.8184691
342,36.368151
342,30.318421
343,36.70562
343,33.358138
344,34.5038374
344,42.781897
345,32.95882
346,28.136798
347,47.572888
348,44.015765
348,32.921859
349,28.447665
349,36.653773
350,34.699825
350,35.862402
351,39.656581
352,37.17957
352,38.9296
353,39.852029
354,37.433957
355,38.942711
356,38.8111037
356,31.083227
357,38.289653
358,25.787081
358,32.344184
359,39.225427
359,38.949789
360,43.572988
361,40.198728
362,36.38752
362,31.786216
363,32.913081
363,30.284709
364,35.06565
365,38.675429
365,35.221587
366,30.260779
367,39.248504
367,38.391338
368,37.979871
369,32.3261145
370,33.727992
371,33.481376
372,40.0822209
373,30.106968
373,41.7424997
374,42.926573
375,42.119505
376,32.983093
377,35.978113
378,33.9333
378,34.948143
379,30.501713
379,38.21018
380,28.962586
381,44.290001
382,40.479321
382,40.726907
383,35.4528545
383,40.992839
384,36.030222
385,42.859824
386,30.704493
386,41.978433
387,41.407877
387,31.331719
388,40.071845
388,37.29907
389,32.739723
389,33.39392
390,38.988376
390,33.055436
391,35.136734
392,33.720124
392,39.227839
393,42.237645
393,41.7402659
394,37.2458298
394,35.608001
395,41.59913
395,35.207083
396,39.977681
397,32.333083
397,39.909219
398,34.662934
399,37.660652
399,41.806569
400,33.432882
401,40.12739
402,42.069294
403,29.4709045
404,33.806034
404,42.544286
405,29.666925
406,35.264918
407,36.248722
407,38.411762
408,38.697339
408,40.726907
409,38.358741
410,41.43277
410,39.141343
411,35.711749
412,33.757277
412,31.980865
413,46.908396
414,33.589118
414,42.033289
415,32.473542
416,37.652043
417,35.692223
417,36.332473
418,32.423808
419,42.4479441
419,32.913081
420,26.167944
421,47.105989
421,33.819473
422,29.133441
423,46.341881
423,40.41759
424,39.358593
424,41.37055
425,41.080522
426,32.393736
427,35.692223
427,36.805056
428,35.978113
429,40.201449
430,36.027632
430,35.110211
431,30.752617
431,40.224885
432,32.501376
433,33.898037
433,37.3294193
434,37.042359
434,37.149211
435,42.015255
436,33.016016
437,39.767969
438,33.424433
439,41.190112
439,31.178814
440,33.88378
441,45.032923
441,30.399387
442,39.938592
443,34.291348
444,38.573605
444,44.860771
445,45.570271
445,34.028451
446,40.3089103
447,36.020391
447,34.254593
448,28.515333
448,40.782333
449,40.351079
450,43.1222318
451,35.220709
452,37.337928
453,38.781105
454,47.842328
454,32.350704
455,44.959151
456,43.516817
457,37.068529
458,47.167646
458,36.507892
459,39.773528
460,45.100635
460,40.316345
461,55.375474
462,32.775799
462,46.422883
463,36.817489
464,42.012834
465,35.38984
465,41.012502
466,30.064712
467,30.185352
468,38.102544
469,42.791693
469,35.969754
470,40.658211
470,41.238029
471,30.268847
471,41.697155
472,36.911771
472,46.694534
473,40.672452
474,36.156162
474,42.056567
475,42.851375
476,35.047606
476,40.098894
477,31.270914
478,43.319893
479,33.767907
480,40.612665
481,37.7679224
481,36.439395
482,32.178956
482,36.194611
483,35.470025
483,33.64698
484,28.540478
485,35.320606
485,36.721028
486,31.836124
487,33.518642
488,38.256797
488,29.087437
489,40.291173
489,35.680662
490,29.92518
491,35.370037
492,34.948143
492,38.150177
493,45.032923
493,40.201449
494,39.71992
494,30.443181
495,32.340452
496,38.5404591
496,36.714643
497,38.5404591
498,25.4576229
498,26.650413
499,32.788794
500,32.501376
500,33.942955
501,47.704135
502,43.500863
503,25.570918
504,39.729508
505,38.26173
505,35.976279
506,37.134096
506,33.894702
507,28.060008
507,31.4452218
508,40.7878265
508,37.550407
509,31.178814
509,32.745312
510,43.714983
511,31.624849
511,33.107622
512,41.883457
512,40.225071
513,39.475754
513,32.282537
514,41.965241
514,45.772387
515,35.794678
516,40.073985
517,39.079977
517,46.817374
518,38.157362
519,29.500938
520,37.748171
520,35.814212
521,33.391531
521,35.781341
522,34.677408
522,45.350211
523,35.703335
524,37.241729
525,36.3834062
526,36.714643
527,30.06285
528,42.8947328
529,39.330546
529,37.180349
530,39.7427258
531,32.853507
531,41.972503
532,33.940766
532,37.117108
533,39.983447
533,32.5734336
534,25.9935839
535,31.777143
536,37.482281
536,32.493877
537,40.657293
538,37.899113
538,36.862881
539,27.715137
540,34.14914
541,41.60974
542,46.7033486
542,32.861746
543,40.028409
544,39.8442693
544,30.793455
545,40.131079
546,33.034819
546,28.613388
547,36.904509
547,26.932272
548,45.147843
549,28.701256
549,28.540478
550,28.283389
551,40.303211
552,39.336616
552,38.199176
553,26.1477897
553,40.286715
554,37.020959
555,35.138917
556,37.979363
557,29.045462
557,42.031916
558,41.057471
559,33.943652
560,41.86174
560,40.986535
561,33.819473
561,35.009675
562,40.670612
563,37.461433
563,37.3900085
564,38.96574
565,33.233185
565,35.565024
566,29.623667
567,34.413887
567,29.774315
568,28.359625
568,40.530175
569,31.487916
569,41.540572
570,32.185694
570,32.9673153
571,42.496892
571,48.554783
572,32.664652
572,33.212574
573,32.895003
574,35.771244
574,39.7110384
575,26.22791
575,36.308937
576,26.489084
577,41.580699
578,33.450048
579,44.841719
579,42.590599
580,41.583497
581,41.112105
582,38.232244
582,39.193917
583,38.358741
584,27.316246
585,33.803041
585,29.5186849
586,36.241189
586,39.083457
587,29.045462
587,55.375474
588,45.4316286
589,33.432882
590,41.745338
591,28.3438221
591,40.847635
592,45.40009
592,40.564127
593,36.372286
594,35.364395
595,45.963776
596,38.74038
596,34.492946
597,33.9333
598,38.9837453
598,34.1380983
599,38.864222
599,38.957531
600,40.509163
601,33.943652
602,34.588589
602,29.911302
603,31.79581
603,40.52654
604,34.174418
605,40.515671
605,32.862849
606,39.224556
606,32.793803
607,44.492673
608,37.807978
608,47.6584886
609,21.3419649
610,43.312655
611,39.86797
611,38.80758
612,36.596821
612,33.713791
613,38.3352206
613,46.678925
614,36.280919
614,42.012119
615,34.751438
615,41.580699
616,26.436375
616,36.044977
617,38.332009
617,36.670219
618,39.95167
619,43.196977
619,29.559137
620,38.829015
620,42.249781
621,47.233071
622,34.45249
623,26.348262
623,30.105744
624,36.668028
625,38.134491
625,40.848885
626,28.458334
627,42.121102
627,35.022153
628,30.271548
629,37.045555
630,33.135681
630,34.623515
631,29.015677
631,40.4897474
632,33.2420091
633,38.784658
634,30.189946
634,35.551073
635,32.270558
636,39.979913
637,29.9780086
638,36.413982
638,33.3788255
639,37.2900499
640,37.321668
641,39.83948
642,34.548085
643,26.057251
644,36.3893179
644,38.8111037
645,45.049086
645,42.4691915
646,35.008324
646,40.8626458
647,41.64066
648,27.715137
648,35.862115
649,34.20044
649,31.32176
650,43.570315
650,32.832703
651,30.793589
651,39.502476
652,34.677408
652,38.004763
653,37.137067
653,36.1752349
654,34.9547985
655,36.705873
656,33.501291
657,37.7679224
657,38.339359
658,26.191058
658,41.315535
659,39.7783555
659,33.65067
660,26.62088
660,39.722231
661,44.959151
661,26.271279
662,35.18974
662,34.196077
663,36.159391
664,27.552401
664,26.318786
665,39.6458746
666,36.580158
666,43.189246
667,41.461581
668,39.673462
669,41.295443
670,40.125971
671,32.525782
671,39.039531
672,39.475754
673,35.928486
673,41.2013398
674,35.911682
674,42.033289
675,33.790787
676,45.6239
677,37.786284
678,40.108516
678,33.7745093
679,41.8186521
680,40.862191
680,40.762155
681,32.501376
681,42.588593
682,40.162702
683,35.293849
683,29.416963
684,30.255199
684,47.572888
685,36.948807
686,29.573864
686,32.084845
687,29.573505
688,34.08896
689,30.2262571
690,37.322584
690,34.995904
691,33.857892
691,39.046101
692,39.863295
693,39.586924
694,32.97197
694,29.8539052
695,37.755204
696,41.29143
696,42.7854
697,38.54105
698,36.183467
699,38.639191
699,32.629821
700,36.562992
701,33.518173
702,37.196415
703,39.311522
703,42.285163
704,39.699876
705,37.350273
705,30.532744
706,40.387242
706,30.886011
707,33.680298
707,27.996642
708,33.599042
709,32.761895
709,41.763311
710,37.860092
710,27.839946
711,40.927754
712,36.206597
713,40.555853
714,35.12473
715,29.8539052
715,35.193337
716,30.778436
717,35.144791
717,28.000741
718,33.324294
719,36.357486
719,29.421683
720,28.0617993
721,29.61355
721,34.979292
722,34.065136
722,40.515671
723,35.4528545
724,42.882479
724,32.552444
725,29.235156
725,41.7218
726,38.680872
727,42.591163
727,38.2790814
728,42.605454
728,33.713791
729,32.842692
730,41.558358
730,40.205184
731,29.536019
732,32.227952
733,35.925361
734,31.896254
735,32.651877
736,39.808346
736,37.30072
737,37.291593
737,33.869614
738,38.494602
738,36.036758
739,45.365936
740,33.059904
740,32.25197
741,32.962318
741,30.641564
742,35.174254
742,39.854824
743,43.291583
744,30.086635
745,32.207348
746,35.460395
746,27.15702
747,39.249276
747,33.840982
748,38.923672
748,42.206278
749,42.015255
749,29.6040327
750,33.720124
751,27.523773
752,41.188708
753,39.624903
754,42.9540567
755,29.421683
755,40.085707
756,31.939592
756,36.0088
757,44.931509
757,42.513919
758,40.6917441
759,31.089533
760,29.4878928
760,41.935116
761,45.1599696
762,46.033222
762,47.865754
763,32.747175
764,46.857733
764,34.073315
765,41.265902
766,33.9333
766,30.005604
767,33.894702
768,36.3342
769,39.018965
770,34.0649845
771,44.478239
772,36.260369
773,35.277323
773,41.014001
774,39.453074
774,40.811786
775,35.2179
775,39.852029
776,34.972966
776,38.435223
777,36.058129
778,27.193124
779,42.137766
780,27.829339
780,33.796641
781,36.131739
782,34.2801955
782,33.922428
783,33.998141
783,41.72195
784,43.051597
784,35.109522
785,38.76932
785,37.979363
786,33.504905
786,43.094308
787,40.413229
788,37.134096
789,30.064353
790,37.550407
791,36.020391
792,39.496607
792,30.453633
793,38.865459
794,36.0599933
795,35.818159
795,41.748743
796,35.097961
797,46.7033486
797,35.898133
798,39.612001
798,33.552575
799,29.547492
799,29.774315
800,31.679967
801,33.702814
802,47.713801
803,39.037642
803,36.002186
804,36.84596
804,42.012119
805,44.656618
806,42.987657
807,40.342207
807,38.8111037
808,19.646268
809,42.8255173
809,40.919007
810,40.870859
811,34.817941
811,35.462588
812,35.239523
813,35.247101
814,39.415132
814,38.783942
815,34.494271
816,32.288399
816,43.125152
817,35.046249
817,39.772625
818,33.98091
818,43.650236
819,35.096683
820,46.694534
820,41.663123
821,39.684407
822,33.025001
823,38.580049
823,33.664699
824,27.315215
825,31.089533
825,39.891437
826,32.531894
826,29.59176
827,39.601791
827,41.407877
828,36.372286
829,27.453311
830,31.089533
831,30.258479
831,43.095414
832,35.819671
833,39.604775
833,37.823253
834,34.834244
835,42.012834
835,41.296828
836,34.6971752
836,38.528764
837,39.046101
837,37.602992
838,31.8670328
838,34.209879
839,42.473368
840,34.242149
840,47.894532
841,27.513088
841,35.38984
842,33.90295
842,25.935789
843,39.407965
844,46.712044
845,36.376777
845,29.8979437
846,36.959408
847,38.436729
848,44.291594
849,32.970025
850,35.819671
851,36.483717
851,26.610823
852,41.008702
853,45.62615
854,37.978619
855,45.4316286
856,41.420513
857,33.561222
857,29.7162189
858,32.703367
859,32.666757
860,32.835031
860,37.979871
861,42.96419
862,38.80882
863,35.364078
864,29.9590023
864,47.52661
865,27.8158476
866,36.413982
866,39.083457
867,44.708186
867,33.216703
868,31.270914
869,31.578974
869,28.428206
870,31.320306
870,40.630189
871,29.784042
872,39.144796
873,39.940379
874,38.510098
874,46.791635
875,29.133441
875,26.236042
876,40.810122
877,33.664699
878,38.668326
878,48.111047
879,39.128256
879,42.345046
880,33.898037
880,30.477863
881,39.887629
882,40.370349
883,30.556986
884,26.205328
884,36.638695
885,26.710328
886,45.515722
887,40.623175
887,40.630189
888,35.243593
889,42.033289
889,32.48368
890,38.36144
890,34.078384
891,32.934593
891,41.845607
892,30.64515
892,42.136021
893,38.4342477
894,32.882514
895,34.487945
896,40.800592
896,34.748243
897,40.866688
898,34.964734
899,42.159486
900,28.555379
900,32.931345
901,42.159486
902,32.400301
903,33.638953
903,34.1380983
904,38.037703
904,34.7466316
905,30.6250365
905,27.959261
906,40.0262886
906,32.389466
907,34.90851
907,30.477426
908,36.020391
908,32.606887
909,43.714983
909,39.578766
910,38.666161
911,40.772792
911,32.5882987
912,35.094581
912,45.980168
913,39.859194
914,35.028039
914,34.1380983
915,33.562105
916,30.392334
916,29.348167
917,30.293263
917,33.6555402
918,34.8284813
918,27.996875
919,43.684941
919,35.015665
920,35.221587
920,45.189871
921,43.291583
921,31.560187
922,34.112862
922,41.214831
923,27.834467
923,41.305318
924,34.157361
925,34.76783
926,38.900475
927,39.742724
927,40.370349
928,30.392334
929,39.723234
929,39.711341
930,26.301269
931,31.750245
931,30.6781469
932,44.951553
932,33.698811
933,40.68772
933,41.354048
934,35.950968
935,36.040217
935,40.6870876
936,39.9269568
936,33.025001
937,41.697155
938,26.62088
939,37.063426
940,32.393959
941,41.583495
941,33.637368
942,37.660652
942,39.488698
943,41.116694
943,40.780681
944,42.801879
944,42.660563
945,44.163908
946,38.134491
946,44.023733
947,43.800259
948,38.612933
949,38.931599
949,38.889104
950,27.893098
951,30.642342
952,32.136724
953,39.035564
954,33.008051
955,32.526989
956,34.882808
957,34.454531
957,32.432088
958,39.046101
958,36.805056
959,42.538338
960,29.844264
961,37.652043
961,43.48974
962,32.731829
962,40.583976
963,37.925334
963,39.566297
964,38.573605
965,36.714712
965,30.793589
966,33.177006
967,33.480162
967,33.755828
968,29.5164259
969,29.573345
969,47.741455
970,34.78855
971,32.333377
971,30.561997
972,38.635584
972,33.985005
973,33.872491
974,42.033289
975,41.354048
975,29.693435
976,28.155373
976,46.153058
977,41.244171
978,39.699603
979,41.266577
980,39.569337
980,37.400469
981,41.78391
981,32.765568
982,38.639191
982,42.199521
983,42.137766
983,38.471927
984,33.719115
985,34.20044
985,39.037642
986,39.268764
986,38.747165
987,38.814137
988,42.8270741
989,38.988635
989,45.021718
990,48.2888983
991,38.070078
992,39.673462
993,34.444031
993,29.05658
994,32.912532
994,34.592452
995,35.277323
995,37.663493
996,44.426709
996,34.54509
997,43.162076
998,37.663493
998,44.779317
999,46.864665
999,38.142543
