1,-92.436905
2,-89.586051
3,-94.979859
4,-92.3410256
5,-95.627125
6,-94.313292
7,-94.149024
8,-94.512608
9,-92.645849
10,-91.870322
11,-92.236838
12,-93.139074
13,-83.456616
14,-94.353427
15,-91.254954
16,-92.726727
17,-94.397282
18,-92.152265
19,-90.411818
20,-95.330024
21,-93.750585
22,-92.11255
23,-94.930386
24,-92.624043
25,-91.890515
26,-91.546043
27,-94.880384
28,-89.992373
29,-94.628209
30,-93.259769
31,-96.556204
32,-94.326552
33,-93.857443
34,-90.52294
35,-90.4353609
36,-94.803528
37,-95.931584
38,-94.708671
39,-95.579038
40,-92.4204522
41,-92.5838242
42,-92.219907
43,-96.820674
44,-93.403975
45,-90.685267
46,-93.903147
47,-93.089251
48,-95.140418
49,-94.80181
50,-95.487949
51,-91.945748
52,-94.146954
53,-92.676527
54,-93.105157
55,-93.9018368
56,-93.735334
57,-90.982017
58,-90.97439
59,-94.472782
60,-89.872175
61,-90.777454
62,-89.238093
63,-93.4604664
64,-94.225872
65,-91.154792
66,-90.387955
67,-94.702301
68,-90.0126791
69,-90.20001
70,-96.135074
71,-90.963337
72,-95.397539
73,-92.406583
74,-97.418418
75,-92.939632
76,-92.382341
77,-94.545908
78,-93.5870153
79,-89.896103
80,-93.212017
81,-94.623206
82,-92.580065
83,-93.313985
84,-93.2511369
85,-92.259461
86,-93.714993
87,-92.722992
88,-94.7656055
89,-89.665294
90,-90.793582
91,-94.369474
92,-89.897647
93,-90.513307
94,-89.543058
95,-91.870221
96,-90.9700946
97,-94.224959
98,-91.779138
99,-91.549074
100,-96.921788
101,-88.502016
102,-88.748089
103,-88.900147
104,-97.42269
105,-94.231503
106,-81.629452
107,-95.450998
108,-97.931081
109,-88.851436
110,-88.56422
111,-88.661913
112,-88.457017
113,-93.986591
114,-95.964357
115,-91.614278
116,-94.7379574
117,-88.883642
118,-89.634627
119,-88.911782
120,-92.377089
121,-92.8327356
122,-90.734426
123,-94.406562
124,-92.397677
125,-95.373093
126,-97.145321
127,-96.654501
128,-97.9367127
129,-94.964667
130,-94.10924
131,-99.37645
132,-97.297401
133,-93.55634
134,-93.258694
135,-97.048223
136,-97.370172
137,-94.338702
138,-94.201133
139,-94.731474
140,-94.93762
141,-88.360427
142,-95.505897
143,-99.384178
144,-91.181652
145,-92.705761
146,-96.587537
147,-95.7404781
148,-90.574504
149,-89.032578
150,-91.687166
151,-81.927722
152,-92.296729
153,-98.262377
154,-96.194575
155,-91.596294
156,-89.971894
157,-88.43735
158,-94.652353
159,-89.021349
160,-94.802126
161,-91.962661
162,-95.837899
163,-93.066686
164,-91.941957
165,-91.894037
166,-92.836856
167,-90.771606
168,-90.9952384
169,-89.68099
170,-80.753116
171,-88.950897
172,-88.307919
173,-98.645026
174,-93.352393
175,-91.0438728
176,-94.403621
177,-97.13596
178,-94.25503
179,-95.266334
180,-89.08271
181,-96.892174
182,-89.585833
183,-92.579522
184,-94.9743933
185,-94.265105
186,-87.0513091
187,-89.186886
188,-90.037563
189,-88.98129
190,-89.398031
191,-90.641514
192,-89.922955
193,-87.918332
194,-90.270971
195,-96.629963
196,-93.072718
197,-89.1275641
198,-96.463165
199,-93.84385
200,-96.381422
201,-97.099919
202,-89.668379
203,-94.015462
204,-97.481153
205,-88.5742543
206,-97.013954
207,-93.270907
208,-88.971464
209,-97.763836
210,-88.958411
211,-97.337823
212,-89.7017327
213,-97.0041868
214,-94.184857
215,-97.976009
216,-90.549868
217,-97.41514
218,-96.65614
219,-93.716195
220,-89.222998
221,-96.1426364
222,-94.459216
223,-87.060372
224,-95.914764
225,-94.151696
226,-89.5669509
227,-95.434461
228,-88.532915
229,-94.857295
230,-92.656886
231,-90.879016
232,-97.336527
233,-95.974421
234,-95.098051
235,-96.456538
236,-93.3713094
237,-96.01132
238,-95.481768
239,-89.238137
240,-90.318482
241,-88.097805
242,-88.709889
243,-96.461769
244,-87.900008
245,-96.837937
246,-93.060534
247,-89.952569
248,-88.93678
249,-96.306024
250,-97.1017
251,-88.2147838
252,-87.3812037
253,-97.837408
254,-98.42438
255,-86.819155
256,-88.3972337
257,-94.478384
258,-88.20453
259,-94.954755
260,-95.1084185
261,-93.712166
262,-92.032234
263,-94.319058
264,-97.493008
265,-97.03214
266,-86.573045
267,-93.844527
268,-97.130022
269,-95.570575
270,-87.254431
271,-91.381208
272,-94.419491
273,-97.4491852
274,-96.620823
275,-97.665477
276,-96.071724
277,-93.166461
278,-87.144458
279,-90.656737
280,-95.233615
281,-86.153387
282,-86.433446
283,-89.28315
284,-85.987031
285,-86.888493
286,-89.459003
287,-86.500136
288,-92.154337
289,-89.5474174
290,-92.095051
291,-86.047354
292,-92.36465
293,-85.765028
294,-91.51306
295,-90.521836
296,-86.564496
297,-92.260969
298,-89.135519
299,-93.096488
300,-94.495531
301,-86.093629
302,-96.876786
303,-86.446599
304,-96.330396
305,-93.68175
306,-96.393143
307,-93.736752
308,-96.394808
309,-93.963432
310,-94.806089
311,-90.157744
312,-85.820134
313,-86.675822
314,-96.993928
315,-88.851516
316,-93.328042
317,-86.880124
318,-89.894417
319,-92.397163
320,-94.302316
321,-90.3197291
322,-95.534337
323,-92.435566
324,-96.605108
325,-95.560036
326,-95.616596
327,-91.80475
328,-96.987658
329,-97.593326
330,-90.663215
331,-96.292641
332,-89.314967
333,-95.550647
334,-89.804487
335,-98.58074
336,-91.4818482
337,-85.421882
338,-92.8588751
339,-85.49657
340,-94.22879
341,-90.017291
342,-94.15276
343,-87.840615
344,-93.216447
345,-96.721249
346,-84.360078
347,-90.046349
348,-94.194186
349,-95.25583
350,-100.035792
351,-96.992729
352,-97.780249
353,-97.373226
354,-95.677254
355,-93.7159682
356,-93.706324
357,-80.378092
358,-86.5853922
359,-95.751037
360,-93.22794
361,-94.146959
362,-95.264337
363,-94.216602
364,-96.842036
365,-97.271237
366,-92.659001
367,-97.870857
368,-94.363077
369,-87.832573
370,-98.690842
371,-88.810955
372,-88.741172
373,-97.429241
374,-82.6786822
375,-87.2769413
376,-98.2869487
377,-94.727504
378,-98.209872
379,-94.78483
380,-95.479103
381,-91.254829
382,-87.728925
383,-93.274624
384,-97.9121923
385,-86.495862
386,-97.729372
387,-87.5987915
388,-91.910347
389,-88.317878
390,-93.9937
391,-88.989563
392,-97.222507
393,-98.501632
394,-95.832943
395,-91.943449
396,-86.399845
397,-97.175372
398,-98.529274
399,-95.595268
400,-98.713481
401,-86.801229
402,-87.7238588
403,-97.597203
404,-87.171887
405,-96.89221
406,-96.106315
407,-91.1421476
408,-98.181031
409,-88.629795
410,-86.609419
411,-88.5662728
412,-86.080265
413,-89.376727
414,-86.570681
415,-96.152552
416,-86.592346
417,-98.946751
418,-89.6842294
419,-97.045087
420,-97.853623
421,-99.126629
422,-93.299048
423,-95.894079
424,-86.265657
425,-93.8677975
426,-100.900994
427,-93.819215
428,-93.941153
429,-92.324097
430,-89.972394
431,-98.245074
432,-88.38918
433,-97.176221
434,-97.520341
435,-83.830231
436,-94.014491
437,-100.480817
438,-97.753283
439,-95.230798
440,-97.633395
441,-98.179983
442,-94.039851
443,-89.024623
444,-93.17622
445,-97.43886
446,-97.093584
447,-96.915709
448,-95.817643
449,-96.819145
450,-97.669778
451,-85.199273
452,-99.094236
453,-97.712956
454,-99.331291
455,-90.822308
456,-95.658525
457,-88.337398
458,-95.256869
459,-86.416339
460,-90.980352
461,-84.595535
462,-94.877566
463,-90.494371
464,-87.504643
465,-84.278012
466,-88.688124
467,-84.743664
468,-97.300335
469,-85.265283
470,-88.439114
471,-92.1404735
472,-106.438215
473,-97.945621
474,-89.146654
475,-90.3243205
476,-96.53837
477,-93.288017
478,-94.833163
479,-88.49584
480,-99.167215
481,-84.909083
482,-83.8506
483,-80.3896021
484,-101.467786
485,-106.339982
486,-96.135327
487,-81.71954
488,-97.705208
489,-84.005497
490,-84.461178
491,-95.065666
492,-84.844408
493,-93.179586
494,-94.368699
495,-97.86426
496,-83.756707
497,-85.545768
498,-95.037535
499,-81.304091
500,-95.435889
501,-82.527182
502,-92.6686538
503,-90.908985
504,-92.078505
505,-91.815233
506,-92.015743
507,-99.781732
508,-82.35647
509,-99.698021
510,-92.451864
511,-102.332146
512,-91.267157
513,-90.078758
514,-92.065731
515,-97.4261536
516,-90.751843
517,-83.996583
518,-95.7599175
519,-103.160521
520,-82.118861
521,-83.7729955
522,-87.700208
523,-81.6809655
524,-89.749073
525,-99.506573
526,-82.794907
527,-82.972249
528,-97.61503
529,-91.025199
530,-94.811755
531,-82.32106
532,-98.793031
533,-81.2788792
534,-86.518619
535,-97.622266
536,-96.219695
537,-96.505841
538,-87.307191
539,-96.700254
540,-85.939041
541,-84.538624
542,-94.865301
543,-85.334473
544,-94.363615
545,-84.481231
546,-95.883238
547,-78.981088
548,-83.574228
549,-81.325575
550,-92.908946
551,-81.019502
552,-81.8334249
553,-84.597128
554,-84.506121
555,-80.963138
556,-85.489893
557,-94.758164
558,-79.091184
559,-85.66386
560,-84.213742
561,-97.405728
562,-97.274999
563,-82.848265
564,-84.443322
565,-97.716899
566,-84.30593
567,-89.028816
568,-82.519136
569,-100.509126
570,-99.081096
571,-100.969822
572,-95.457761
573,-85.441109
574,-89.594843
575,-99.10422
576,-81.0825278
577,-81.00334
578,-91.400117
579,-98.237766
580,-81.115002
581,-102.148753
582,-104.526774
583,-85.031485
584,-84.787531
585,-88.155374
586,-87.424032
587,-80.8910894
588,-84.758895
589,-85.043829
590,-82.235082
591,-97.653994
592,-79.751262
593,-81.898523
594,-102.6666609
595,-81.592295
596,-79.286271
597,-79.3765944
598,-81.641145
599,-82.5494312
600,-80.155096
601,-79.820891
602,-89.922169
603,-80.649858
604,-81.258013
605,-89.462832
606,-99.742518
607,-82.453847
608,-82.28115
609,-81.665835
610,-79.931271
611,-78.7684707
612,-82.678139
613,-97.445242
614,-91.264296
615,-92.730837
616,-81.485464
617,-82.7574731
618,-90.588571
619,-80.842668
620,-94.16742
621,-87.46925
622,-100.836526
623,-86.452061
624,-87.473071
625,-85.496886
626,-85.229825
627,-86.907819
628,-87.673673
629,-86.958843
630,-84.6315904
631,-85.373597
632,-86.995956
633,-81.497158
634,-99.32125
635,-85.788267
636,-86.239908
637,-86.290925
638,-84.92994
639,-86.842052
640,-87.29121
641,-83.99179
642,-86.476816
643,-83.21225
644,-84.657694
645,-86.27903
646,-89.080451
647,-89.391879
648,-86.427837
649,-87.314905
650,-82.759393
651,-88.411623
652,-83.255027
653,-86.709067
654,-85.035712
655,-82.245352
656,-85.76195
657,-83.248393
658,-84.623456
659,-83.3603119
660,-84.77169
661,-82.166304
662,-82.781844
663,-87.566169
664,-84.848963
665,-89.5645
666,-86.6862916
667,-87.012949
668,-87.121914
669,-84.211027
670,-95.624787
671,-82.191192
672,-81.672892
673,-90.59052
674,-86.600684
675,-90.891281
676,-85.881905
677,-86.006085
678,-82.185616
679,-85.937747
680,-90.650674
681,-87.518548
682,-81.816058
683,-84.282905
684,-90.221433
685,-85.0772931
686,-84.899243
687,-85.939323
688,-83.467823
689,-81.636723
690,-82.139704
691,-85.239825
692,-85.975832
693,-80.728675
694,-85.436761
695,-85.178726
696,-86.2854032
697,-86.916529
698,-87.849349
699,-86.791446
700,-86.104138
701,-85.826397
702,-88.108643
703,-85.6507187
704,-83.707611
705,-97.5108881
706,-84.26463
707,-95.176444
708,-97.367149
709,-84.25538
710,-90.166315
711,-93.62269
712,-91.893435
713,-92.933536
714,-93.011703
715,-95.161375
716,-82.603161
717,-85.316582
718,-101.923511
719,-98.512452
720,-84.202197
721,-86.4434498
722,-81.813029
723,-86.70022
724,-98.355813
725,-87.001921
726,-92.440012
727,-90.554241
728,-87.625236
729,-81.759548
730,-82.395816
731,-95.72222
732,-82.677537
733,-95.647396
734,-80.668453
735,-98.7872
736,-92.446893
737,-97.31708
738,-93.765381
739,-82.013378
740,-90.359891
741,-98.271812
742,-83.742318
743,-81.959531
744,-92.463896
745,-99.754271
746,-91.541832
747,-84.410314
748,-88.629411
749,-96.457539
750,-92.4544415
751,-96.599162
752,-100.652337
753,-90.731953
754,-98.043504
755,-101.922569
756,-97.892255
757,-89.122745
758,-81.392282
759,-87.690846
760,-91.160892
761,-100.916934
762,-88.72142
763,-81.898976
764,-94.870115
765,-89.6635797
766,-89.865094
767,-98.086147
768,-97.24635
769,-95.459088
770,-90.438772
771,-85.832144
772,-106.749837
773,-93.2624869
774,-98.981832
775,-81.829165
776,-101.970763
777,-80.827943
778,-85.804881
779,-92.616012
780,-81.458955
781,-81.937051
782,-92.739689
783,-90.468421
784,-103.200403
785,-101.793388
786,-97.07183
787,-84.648138
788,-108.15152
789,-106.549888
790,-86.367633
791,-95.854291
792,-89.687013
793,-105.999816
794,-81.618596
795,-83.64289
796,-96.120347
797,-88.190385
798,-106.52942
799,-91.53274
800,-91.126052
801,-104.60963
802,-84.198478
803,-88.417167
804,-106.587623
805,-94.017129
806,-91.090899
807,-96.906301
808,-90.119979
809,-106.608114
810,-95.43044
811,-105.614426
812,-93.1061393
813,-86.478464
814,-88.2225698
815,-88.8443488
816,-89.996039
817,-81.552969
818,-81.301695
819,-101.903621
820,-85.364371
821,-82.362284
822,-85.163517
823,-81.601756
824,-84.5418153
825,-84.2035475
826,-103.678884
827,-98.127884
828,-81.281708
829,-88.162839
830,-105.904108
831,-104.222987
832,-86.934675
833,-90.134378
834,-95.283131
835,-105.586256
836,-91.706291
837,-91.371779
838,-93.508768
839,-97.00636
840,-80.564009
841,-86.038762
842,-84.129022
843,-81.224767
844,-91.10806
845,-94.153204
846,-97.098794
847,-85.743071
848,-89.232466
849,-94.356466
850,-83.94478
851,-89.644849
852,-93.585035
853,-97.597457
854,-91.40187
855,-81.217771
856,-102.907161
857,-97.036253
858,-103.488371
859,-83.31968
860,-100.234406
861,-87.686381
862,-97.9449
863,-90.268476
864,-108.769019
865,-86.823489
866,-105.048415
867,-95.882795
868,-83.94326
869,-81.424513
870,-88.411543
871,-89.9839444
872,-89.961927
873,-91.753709
874,-90.093306
875,-89.379432
876,-93.88977
877,-99.33078
878,-86.64161
879,-86.131157
880,-94.353214
881,-83.696237
882,-85.998943
883,-106.022649
884,-82.301322
885,-95.57299
886,-101.75319
887,-103.2363527
888,-86.23242
889,-80.442958
890,-80.2875953
891,-84.2967
892,-90.954325
893,-87.9046017
894,-88.561536
895,-89.051617
896,-86.184915
897,-97.433801
898,-84.55707
899,-97.165389
900,-82.248155
901,-101.93805
902,-81.532397
903,-86.564528
904,-96.612191
905,-81.286787
906,-96.872464
907,-83.757943
908,-81.323329
909,-89.782679
910,-96.060383
911,-90.155134
912,-90.437959
913,-82.455801
914,-81.4692986
915,-82.139288
916,-90.409342
917,-104.523231
918,-90.4981931
919,-97.794862
920,-106.311671
921,-90.508494
922,-108.561898
923,-80.581834
924,-89.6624862
925,-89.088583
926,-105.046623
927,-82.631272
928,-81.722118
929,-97.426058
930,-90.886168
931,-80.377918
932,-81.456183
933,-91.72931
934,-90.832911
935,-80.647952
936,-96.41328
937,-88.683123
938,-104.719081
939,-93.249726
940,-91.993235
941,-106.096315
942,-97.043155
943,-81.868597
944,-87.11688
945,-90.229227
946,-88.12497
947,-82.467126
948,-97.628126
949,-82.668333
950,-95.961035
951,-86.066193
952,-94.619378
953,-97.47699
954,-86.784455
955,-98.6347552
956,-88.563421
957,-87.130418
958,-104.664911
959,-82.615299
960,-83.761891
961,-105.080953
962,-90.349051
963,-93.458551
964,-81.225781
965,-79.7388708
966,-88.811465
967,-87.431053
968,-94.367039
969,-106.565677
970,-80.226193
971,-92.479644
972,-93.325601
973,-91.142661
974,-83.177707
975,-105.191452
976,-95.3456446
977,-80.880999
978,-90.473303
979,-82.330518
980,-86.514975
981,-80.622751
982,-89.584886
983,-82.549992
984,-85.6462476
985,-80.7847582
986,-81.529863
987,-85.864506
988,-81.899506
989,-80.153299
990,-93.509965
991,-80.618476
992,-95.651738
993,-97.987624
994,-97.248862
995,-97.332537
996,-95.26013
997,-90.818343
998,-105.105275
999,-81.984767
1000,-99.848551
1001,-84.340272
1002,-84.171753
1003,-102.361308
1004,-87.808643
1005,-95.129139
1006,-85.9167142
1007,-85.37258
1008,-96.642557
1009,-107.863399
1010,-97.606446
1011,-89.486173
1012,-81.704866
1013,-95.159295
1014,-81.530125
1015,-85.899404
1016,-82.586586
1017,-88.518974
1018,-93.614678
1019,-96.938003
1020,-90.070338
1021,-89.142103
1022,-80.481738
1023,-83.542525
1024,-84.488294
1025,-98.158927
1026,-87.412899
1027,-89.837398
1028,-84.214277
1029,-83.610778
1030,-82.39888
1031,-82.377396
1032,-99.960701
1033,-81.625278
1034,-80.993665
1035,-81.758379
1036,-81.315648
1037,-80.218683
1038,-82.718394
1039,-81.75302
1040,-81.31284
1041,-88.995008
1042,-85.681551
1043,-86.444966
1044,-79.424516
1045,-107.319842
1046,-88.178841
1047,-80.587516
1048,-94.4593203
1049,-96.627385
1050,-91.131267
1051,-97.332121
1052,-92.214686
1053,-95.484178
1054,-91.462452
1055,-86.211951
1056,-92.677779
1057,-82.392881
1058,-87.9923238
1059,-91.395153
1060,-82.904918
1061,-92.39437
1062,-91.76335
1063,-84.333816
1064,-87.528658
1065,-84.091669
1066,-97.970283
1067,-96.698209
1068,-96.615424
1069,-92.101796
1070,-81.762659
1071,-94.545685
1072,-83.283794
1073,-83.265246
1074,-86.948782
1075,-88.9490782
1076,-98.724391
1077,-82.999064
1078,-97.78924
1079,-80.104241
1080,-92.062482
1081,-79.789581
1082,-81.175949
1083,-81.983397
1084,-86.125068
1085,-80.175704
1086,-91.216458
1087,-80.064158
1088,-95.1771043
1089,-89.509157
1090,-83.481958
1091,-85.766655
1092,-85.795614
1093,-82.812239
1094,-83.957813
1095,-92.604523
1096,-81.213138
1097,-79.985652
1098,-98.542307
1099,-109.730199
1100,-96.180634
1101,-83.7177241
1102,-96.300095
1103,-94.830061
1104,-98.852523
1105,-79.005857
1106,-85.637458
1107,-83.609231
1108,-84.888781
1109,-90.527967
1110,-87.1839536
1111,-86.9243089
1112,-90.020477
1113,-81.151125
1114,-85.941982
1115,-78.6199
1116,-89.8134185
1117,-87.884157
1118,-93.462724
1119,-85.866119
1120,-87.739498
1121,-81.562702
1122,-81.462613
1123,-111.664611
1124,-82.506923
1125,-82.523452
1126,-84.488515
1127,-90.506779
1128,-81.225353
1129,-97.106123
1130,-85.474983
1131,-81.099619
1132,-95.41173
1133,-84.1258516
1134,-97.689745
1135,-94.775305
1136,-90.418728
1137,-80.855035
1138,-83.868434
1139,-89.242838
1140,-84.312562
1141,-89.7472559
1142,-79.085802
1143,-92.098424
1144,-84.253058
1145,-98.4707
1146,-77.812272
1147,-104.770387
1148,-91.4642
1149,-106.500249
1150,-86.822779
1151,-89.813333
1152,-82.332629
1153,-82.108869
1154,-93.245949
1155,-85.593254
1156,-91.1429412
1157,-81.240857
1158,-88.611202
1159,-84.561954
1160,-89.384917
1161,-82.505657
1162,-88.096979
1163,-101.047438
1164,-96.905861
1165,-84.945512
1166,-83.3649369
1167,-111.712266
1168,-97.413451
1169,-81.7066673
1170,-81.462791
1171,-84.229234
1172,-87.192694
1173,-87.271985
1174,-87.032526
1175,-88.068769
1176,-86.824653
1177,-82.086122
1178,-97.460819
1179,-110.015671
1180,-98.5875885
1181,-84.84871
1182,-82.825463
1183,-81.768837
1184,-77.94542
1185,-78.957212
1186,-83.715962
1187,-78.648261
1188,-110.260441
1189,-104.986182
1190,-90.524339
1191,-82.437565
1192,-79.902381
1193,-81.977138
1194,-82.332431
1195,-83.213465
1196,-89.811353
1197,-104.910747
1198,-97.753926
1199,-79.484374
1200,-97.1055235
1201,-100.460659
1202,-88.14233
1203,-84.102527
1204,-99.799311
1205,-78.883003
1206,-83.7569547
1207,-87.472383
1208,-91.004692
1209,-90.283606
1210,-88.595144
1211,-78.724827
1212,-89.246586
1213,-81.956733
1214,-88.748256
1215,-104.736761
1216,-100.920992
1217,-88.756566
1218,-90.834535
1219,-108.518745
1220,-86.479887
1221,-97.660502
1222,-95.415615
1223,-82.130209
1224,-85.043413
1225,-81.877488
1226,-79.499
1227,-78.984788
1228,-80.938599
1229,-87.754467
1230,-92.455508
1231,-110.839581
1232,-83.779125
1233,-80.425764
1234,-81.194247
1235,-82.867627
1236,-85.676774
1237,-82.062901
1238,-77.393137
1239,-96.76555
1240,-97.6344279
1241,-77.086836
1242,-82.601448
1243,-85.856616
1244,-79.950787
1245,-105.957543
1246,-87.846595
1247,-97.692098
1248,-105.083434
1249,-112.001321
1250,-80.0890274
1251,-84.945814
1252,-78.965777
1253,-87.4058437
1254,-88.986576
1255,-83.989918
1256,-98.4799146
1257,-87.3588262
1258,-82.516228
1259,-83.843913
1260,-104.791051
1261,-84.0269
1262,-78.3092371
1263,-83.938663
1264,-80.259545
1265,-89.615807
1266,-110.932468
1267,-85.377601
1268,-98.387075
1269,-110.965014
1270,-86.311815
1271,-110.7016144
1272,-84.152321
1273,-96.430044
1274,-84.192551
1275,-110.835723
1276,-79.409875
1277,-84.578754
1278,-81.500801
1279,-80.886603
1280,-84.945113
1281,-80.832332
1282,-84.166977
1283,-79.04839
1284,-90.268094
1285,-78.91059
1286,-81.17671
1287,-79.185652
1288,-77.897384
1289,-90.179499
1290,-87.636218
1291,-77.06361
1292,-76.8116296
1293,-80.254227
1294,-98.43745
1295,-88.760165
1296,-86.405892
1297,-80.689624
1298,-77.968927
1299,-81.119714
1300,-108.24771
1301,-86.449696
1302,-80.035584
1303,-96.363572
1304,-83.480021
1305,-83.673274
1306,-89.649301
1307,-114.5943
1308,-114.368101
1309,-83.564806
1310,-85.879296
1311,-111.325344
1312,-81.421139
1313,-78.659422
1314,-84.110453
1315,-92.72713
1316,-86.5953
1317,-85.188476
1318,-85.78785
1319,-77.387548
1320,-88.271336
1321,-111.5753437
1322,-103.5931748
1323,-80.734093
1324,-82.192386
1325,-105.227492
1326,-88.660015
1327,-80.203091
1328,-85.224114
1329,-93.870081
1330,-81.02998
1331,-82.68483
1332,-89.159199
1333,-92.669863
1334,-81.124124
1335,-77.8741594
1336,-89.772509
1337,-88.044234
1338,-80.11455
1339,-83.445494
1340,-83.531914
1341,-79.49697
1342,-88.198078
1343,-78.1724345
1344,-84.172455
1345,-84.359237
1346,-106.656674
1347,-84.235585
1348,-95.564858
1349,-105.540476
1350,-110.982594
1351,-95.934448
1352,-88.282838
1353,-88.087621
1354,-106.7683411
1355,-84.135082
1356,-85.13816
1357,-95.12447
1358,-89.954009
1359,-112.408542
1360,-88.1481438
1361,-77.3863435
1362,-84.538647
1363,-84.6641673
1364,-85.496591
1365,-82.658168
1366,-88.586283
1367,-91.41065
1368,-83.119987
1369,-85.3986136
1370,-84.540457
1371,-82.948279
1372,-94.372817
1373,-84.760321
1374,-104.837689
1375,-113.088367
1376,-80.142537
1377,-112.30067
1378,-111.487252
1379,-81.545443
1380,-84.318642
1381,-113.51802
1382,-101.487933
1383,-89.456994
1384,-84.269663
1385,-82.8632437
1386,-82.271284
1387,-92.106919
1388,-87.69668
1389,-91.7623448
1390,-81.719331
1391,-80.782272
1392,-88.090801
1393,-91.332345
1394,-97.169284
1395,-108.378319
1396,-85.216181
1397,-86.141957
1398,-90.394505
1399,-98.385789
1400,-109.251197
1401,-83.969609
1402,-86.647223
1403,-84.922087
1404,-110.953877
1405,-80.934023
1406,-89.916401
1407,-79.430521
1408,-85.1531
1409,-93.950642
1410,-95.035261
1411,-92.89188
1412,-91.66222
1413,-84.1786969
1414,-114.6015699
1415,-88.743987
1416,-85.759053
1417,-82.524603
1418,-80.8357196
1419,-97.401127
1420,-82.558895
1421,-87.033847
1422,-84.965182
1423,-105.498154
1424,-86.821007
1425,-86.887953
1426,-104.826211
1427,-93.555772
1428,-87.328286
1429,-88.973392
1430,-97.382927
1431,-78.402097
1432,-79.855475
1433,-84.756492
1434,-92.330641
1435,-80.429277
1436,-84.09821
1437,-87.949187
1438,-97.069827
1439,-82.540367
1440,-84.107268
1441,-82.502642
1442,-77.634214
1443,-84.211623
1444,-91.478152
1445,-106.939798
1446,-97.241824
1447,-90.662622
1448,-111.854681
1449,-82.740782
1450,-90.377786
1451,-80.2504294
1452,-84.650727
1453,-88.146349
1454,-101.411718
1455,-82.621747
1456,-84.591605
1457,-98.436532
1458,-80.09593
1459,-79.843661
1460,-77.608163
1461,-86.2164311
1462,-95.197118
1463,-76.298392
1464,-77.355454
1465,-76.671561
1466,-88.261654
1467,-77.482847
1468,-91.682032
1469,-90.712128
1470,-112.2303209
1471,-100.749948
1472,-82.7813795
1473,-96.773461
1474,-82.594877
1475,-96.765997
1476,-103.809596
1477,-80.199447
1478,-84.689914
1479,-112.184744
1480,-80.285584
1481,-97.064722
1482,-93.260392
1483,-77.204574
1484,-87.6974256
1485,-112.223505
1486,-86.247377
1487,-86.827302
1488,-106.92541
1489,-88.102649
1490,-121.273567
1491,-80.466487
1492,-115.577324
1493,-87.842939
1494,-87.952428
1495,-79.733948
1496,-86.0211573
1497,-89.893934
1498,-115.122253
1499,-115.063287
1500,-93.362063
1501,-82.925293
1502,-85.899957
1503,-118.174112
1504,-103.6303285
1505,-85.080495
1506,-83.787522
1507,-80.452895
1508,-88.3148487
1509,-102.787045
1510,-109.563141
1511,-121.57343
1512,-87.467399
1513,-93.878478
1514,-84.33353
1515,-78.602728
1516,-96.865768
1517,-120.08061
1518,-115.24648
1519,-85.976523
1520,-119.029215
1521,-100.757712
1522,-110.788467
1523,-121.037048
1524,-117.354392
1525,-84.58697
1526,-80.124371
1527,-80.29576
1528,-76.772903
1529,-83.005695
1530,-83.345774
1531,-88.06511
1532,-95.889705
1533,-111.981841
1534,-94.663843
1535,-117.673342
1536,-86.123747
1537,-84.967451
1538,-89.710518
1539,-81.1925399
1540,-82.45211
1541,-87.277287
1542,-103.198186
1543,-85.245271
1544,-77.611455
1545,-122.232418
1546,-93.525989
1547,-82.460811
1548,-111.000556
1549,-77.724256
1550,-79.988961
1551,-121.868154
1552,-78.843746
1553,-120.637585
1554,-106.266907
1555,-87.063735
1556,-77.62265
1557,-83.221498
1558,-87.300113
1559,-92.8656721
1560,-75.858654
1561,-87.10094
1562,-118.960829
1563,-82.655528
1564,-97.545911
1565,-96.722497
1566,-96.187601
1567,-122.6444711
1568,-76.379054
1569,-94.337543
1570,-101.300201
1571,-95.382454
1572,-94.187303
1573,-88.237987
1574,-77.89739
1575,-77.062878
1576,-86.2143509
1577,-84.803637
1578,-85.171043
1579,-88.483995
1580,-76.878945
1581,-84.940946
1582,-111.699115
1583,-119.676372
1584,-96.068522
1585,-98.723048
1586,-119.778406
1587,-87.924219
1588,-122.252632
1589,-86.907616
1590,-80.694436
1591,-93.306053
1592,-80.4149
1593,-80.2138609
1594,-94.249555
1595,-118.144492
1596,-82.501568
1597,-104.82389
1598,-77.646169
1599,-80.869157
1600,-77.94866
1601,-85.835695
1602,-83.009868
1603,-80.7765497
1604,-85.440925
1605,-96.020173
1606,-91.428324
1607,-77.74905
1608,-87.966567
1609,-90.850498
1610,-85.283895
1611,-86.752582
1612,-75.312346
1613,-88.369181
1614,-75.978374
1615,-91.183654
1616,-80.448637
1617,-87.923386
1618,-77.23991
1619,-76.418107
1620,-78.44708
1621,-111.93685
1622,-95.3825068
1623,-100.311489
1624,-76.580473
1625,-76.071643
1626,-88.951475
1627,-104.8114187
1628,-94.698802
1629,-117.222895
1630,-117.306233
1631,-82.030359
1632,-98.8418135
1633,-121.391694
1634,-117.0376617
1635,-96.12436
1636,-71.4745758
1637,-111.979569
1638,-77.986101
1639,-80.674465
1640,-111.998598
1641,-76.8408491
1642,-121.958994
1643,-84.995594
1644,-80.5863982
1645,-90.3046653
1646,-86.720194
1647,-90.033266
1648,-80.190933
1649,-76.591415
1650,-82.785842
1651,-83.594348
1652,-76.894969
1653,-85.509212
1654,-84.007537
1655,-76.05434
1656,-95.766785
1657,-93.59297
1658,-81.919583
1659,-78.853029
1660,-85.136879
1661,-91.551193
1662,-88.978984
1663,-76.863373
1664,-77.021515
1665,-85.6496235
1666,-95.371661
1667,-88.25482
1668,-84.138829
1669,-87.95279
1670,-75.570866
1671,-87.962802
1672,-80.221633
1673,-94.3788858
1674,-89.628318
1675,-75.435194
1676,-77.498195
1677,-111.960968
1678,-117.229378
1679,-83.318374
1680,-70.879023
1681,-84.85324
1682,-75.035783
1683,-80.08135
1684,-83.088355
1685,-78.707124
1686,-71.325871
1687,-83.878052
1688,-83.897044
1689,-92.18404
1690,-122.71648
1691,-85.3886916
1692,-76.528717
1693,-70.8664579
1694,-121.167602
1695,-81.25417
1696,-93.713782
1697,-79.0706838
1698,-90.141487
1699,-84.422495
1700,-117.428136
1701,-78.373777
1702,-80.105554
1703,-111.71022
1704,-85.424951
1705,-78.7374441
1706,-79.130533
1707,-76.506222
1708,-121.760604
1709,-122.900683
1710,-75.8393042
1711,-88.730179
1712,-87.800466
1713,-109.088799
1714,-78.467131
1715,-81.553726
1716,-76.218215
1717,-87.604836
1718,-71.4225
1719,-93.161911
1720,-122.9873398
1721,-70.343417
1722,-94.893106
1723,-121.303278
1724,-83.395824
1725,-85.976337
1726,-82.703991
1727,-122.880034
1728,-78.563219
1729,-76.485292
1730,-71.579488
1731,-69.1379246
1732,-89.473457
1733,-96.652042
1734,-83.384718
1735,-95.764743
1736,-85.202719
1737,-116.281073
1738,-98.406975
1739,-74.342248
1740,-97.131791
1741,-74.927725
1742,-106.82329
1743,-84.668345
1744,-73.897109
1745,-81.94154
1746,-76.207306
1747,-88.339659
1748,-119.860333
1749,-119.28648
1750,-78.491028
1751,-77.057757
1752,-91.930707
1753,-79.54191
1754,-80.688996
1755,-76.975137
1756,-83.650314
1757,-119.273131
1758,-111.549331
1759,-77.507534
1760,-76.5481535
1761,-77.51382
1762,-116.486956
1763,-79.345133
1764,-89.50967
1765,-76.242531
1766,-123.301989
1767,-76.013283
1768,-84.031302
1769,-95.283487
1770,-115.245037
1771,-121.218572
1772,-79.90087
1773,-76.248764
1774,-82.208011
1775,-123.174216
1776,-80.310563
1777,-109.565561
1778,-74.2382847
1779,-82.063728
1780,-88.0568914
1781,-80.229699
1782,-117.009917
1783,-77.60692
1784,-80.274249
1785,-77.297223
1786,-93.431226
1787,-68.749406
1788,-81.307646
1789,-75.792787
1790,-92.831595
1791,-95.689822
1792,-115.496576
1793,-95.087846
1794,-93.385189
1795,-117.3725
1796,-81.44688
1797,-70.238202
1798,-70.158672
1799,-76.984056
1800,-74.915401
1801,-117.175627
1802,-75.958883
1803,-71.498321
1804,-111.990661
1805,-76.646598
1806,-82.310316
1807,-121.538552
1808,-119.0453125
1809,-116.991694
1810,-121.394667
1811,-111.7753758
1812,-124.252099
1813,-75.6422658
1814,-77.023292
1815,-119.634423
1816,-80.301528
1817,-111.830402
1818,-118.058396
1819,-76.919142
1820,-79.943131
1821,-75.569167
1822,-72.537633
1823,-76.720454
1824,-81.859196
1825,-81.632037
1826,-88.043323
1827,-87.863305
1828,-104.799763
1829,-88.2607
1830,-113.789812
1831,-117.286158
1832,-121.653902
1833,-111.980728
1834,-77.54043
1835,-112.510563
1836,-70.888131
1837,-78.978894
1838,-112.359444
1839,-72.530899
1840,-87.970999
1841,-124.189935
1842,-81.489153
1843,-117.517267
1844,-83.652427
1845,-116.384378
1846,-116.9903086
1847,-71.465242
1848,-123.025574
1849,-117.194853
1850,-68.524661
1851,-80.200351
1852,-74.275543
1853,-117.531484
1854,-76.479042
1855,-124.054416
1856,-83.76458
1857,-68.014517
1858,-81.519342
1859,-85.6943095
1860,-92.4518609
1861,-71.1111482
1862,-89.383286
1863,-84.365332
1864,-78.845863
1865,-78.10482
1866,-87.908666
1867,-68.392911
1868,-87.745478
1869,-81.850449
1870,-86.09084
1871,-73.7018126
1872,-96.677746
1873,-117.82595
1874,-69.90761
1875,-77.066876
1876,-119.5078293
1877,-74.877754
1878,-80.549497
1879,-76.968785
1880,-79.313292
1881,-89.031952
1882,-116.939
1883,-93.265533
1884,-70.699657
1885,-108.57945
1886,-78.320606
1887,-81.803347
1888,-98.794904
1889,-74.37827
1890,-82.502404
1891,-84.401131
1892,-86.103923
1893,-120.873024
1894,-71.766743
1895,-77.788392
1896,-95.843923
1897,-77.62979
1898,-76.177507
1899,-72.506862
1900,-92.511312
1901,-71.558791
1902,-72.328871
1903,-74.124801
1904,-67.842502
1905,-79.299923
1906,-122.616359
1907,-86.330481
1908,-71.889147
1909,-88.480079
1910,-76.503334
1911,-120.93739
1912,-73.110629
1913,-82.617059
1914,-76.8024694
1915,-121.767991
1916,-121.2898911
1917,-76.8540245
1918,-83.299925
1919,-120.465113
1920,-83.073579
1921,-117.678367
1922,-73.486997
1923,-77.927723
1924,-86.579988
1925,-112.463531
1926,-87.719145
1927,-73.764381
1928,-80.123894
1929,-121.551183
1930,-74.4663322
1931,-93.31249
1932,-75.720405
1933,-119.721718
1934,-80.594712
1935,-90.736319
1936,-117.049459
1937,-119.274113
1938,-80.114575
1939,-86.246497
1940,-71.878742
1941,-76.3147
1942,-69.644397
1943,-77.396567
1944,-84.679646
1945,-79.756686
1946,-117.915214
1947,-87.153056
1948,-71.032382
1949,-72.174027
1950,-75.94744
1951,-76.390243
1952,-121.471986
1953,-78.835052
1954,-117.455339
1955,-122.067306
1956,-120.365778
1957,-100.903299
1958,-119.161569
1959,-81.713949
1960,-123.806587
1961,-84.617221
1962,-77.4289212
1963,-120.501967
1964,-74.8427
1965,-78.128215
1966,-121.804955
1967,-76.510068
1968,-75.504647
1969,-69.789861
1970,-122.0352432
1971,-69.294579
1972,-78.405524
1973,-114.977327
1974,-114.032729
1975,-123.196989
1976,-122.21772
1977,-73.749197
1978,-71.479866
1979,-120.806192
1980,-79.5813259
1981,-78.607434
1982,-72.039963
1983,-80.774023
1984,-86.425321
1985,-85.6726152
1986,-74.733605
1987,-84.062859
1988,-74.822463
1989,-95.511692
1990,-149.879549
1991,-122.856467
1992,-149.869863
1993,-81.754117
1994,-149.365105
1995,-81.418983
1996,-117.294445
1997,-121.317387
1998,-82.732518
1999,-85.177153
2000,-87.459933
2001,-118.061727
2002,-79.959297
2003,-96.827953
2004,-111.042147
2005,-93.064426
2006,-78.207967
2007,-74.578954
2008,-82.124334
2009,-80.335317
2010,-75.456123
2011,-75.225657
2012,-117.216625
2013,-70.7467226
2014,-73.750352
2015,-75.080864
2016,-119.17725
2017,-120.681692
2018,-84.482416
2019,-86.40034
2020,-82.913153
2021,-96.840429
2022,-71.2145984
2023,-74.074726
2024,-119.7817144
2025,-75.035642
2026,-118.14535
2027,-74.6533334
2028,-78.694226
2029,-86.67595
2030,-111.889315
2031,-112.092708
2032,-81.470256
2033,-85.54706
2034,-73.681457
2035,-121.921182
2036,-123.125644
2037,-71.759878
2038,-120.878932
2039,-75.526931
2040,-94.101305
2041,-84.055165
2042,-71.030085
2043,-105.079342
2044,-158.00557
2045,-70.846467
2046,-78.4008523
2047,-89.653651
2048,-70.788886
2049,-95.693918
2050,-91.06156
2051,-97.8232981
2052,-74.4552524
2053,-72.322531
2054,-77.973335
2055,-80.758266
2056,-78.9991
2057,-70.960817
2058,-71.2385
2059,-71.106534
2060,-69.731022
2061,-75.141376
2062,-74.183699
2063,-75.487238
2064,-73.0780037
2065,-114.047098
2066,-117.035491
2067,-82.441578
2068,-80.317897
2069,-73.847121
2070,-70.4995399
2071,-84.150415
2072,-71.994725
2073,-72.947124
2074,-71.656464
2075,-71.007839
2076,-78.467732
2077,-121.887338
2078,-77.367429
2079,-73.112949
2080,-78.693193
2081,-75.633385
2082,-76.060077
2083,-75.7382802
2084,-72.7084495
2085,-74.676952
2086,-72.122585
2087,-93.372305
2088,-117.116408
2089,-80.128314
2090,-67.2791215
2091,-116.2292584
2092,-70.5131
2093,-70.968233
2094,-120.339491
2095,-149.535439
2096,-76.84513
2097,-119.798963
2098,-71.3251
2099,-88.588321
2100,-84.546879
2101,-80.771923
2102,-74.226408
2103,-121.741011
2104,-93.265676
2105,-77.136059
2106,-123.362177
2107,-106.384345
2108,-80.875137
2109,-72.064954
2110,-94.217632
2111,-80.6694045
2112,-76.772897
2113,-70.444719
2114,-117.713072
2115,-111.8584799
2116,-87.8176469
2117,-76.542792
2118,-82.011398
2119,-78.811839
2120,-80.6307379
2121,-80.952336
2122,-90.29602
2123,-87.999849
2124,-105.056732
2125,-93.258373
2126,-73.122127
2127,-71.5054507
2128,-90.48
2129,-73.197985
2130,-118.352273
2131,-77.808207
2132,-70.968603
2133,-75.393081
2134,-72.830821
2135,-77.410976
2136,-75.501823
2137,-98.642424
2138,-81.667127
2139,-86.197655
2140,-121.170575
2141,-117.938
2142,-119.986003
2143,-82.37526
2144,-71.485444
2145,-117.29099
2146,-78.782797
2147,-84.402522
2148,-122.979138
2149,-117.671317
2150,-76.7511923
2151,-75.281208
2152,-116.901748
2153,-117.932358
2154,-95.5090766
2155,-78.443618
2156,-114.32617
2157,-71.4913605
2158,-77.087484
2159,-76.01243
2160,-75.039081
2161,-74.784866
2162,-71.78238
2163,-81.819706
2164,-82.252049
2165,-120.480337
2166,-73.941664
2167,-107.865779
2168,-88.5804
2169,-76.052755
2170,-93.001975
2171,-84.767527
2172,-75.665938
2173,-83.600861
2174,-86.692544
2175,-119.716929
2176,-80.079822
2177,-76.605743
2178,-122.109748
2179,-72.606719
2180,-79.946456
2181,-73.028
2182,-71.555168
2183,-80.3945
2184,-74.997828
2185,-73.0812114
2186,-117.757758
2187,-73.210877
2188,-76.766861
2189,-105.327102
2190,-74.850912
2191,-117.094289
2192,-117.909601
2193,-72.711858
2194,-80.176247
2195,-118.569255
2196,-77.456544
2197,-111.901461
2198,-87.615269
2199,-81.362039
2200,-85.51646
2201,-84.392531
2202,-159.365025
2203,-79.960692
2204,-83.866358
2205,-158.03459
2206,-123.306736
2207,-81.896852
2208,-122.632771
2209,-123.043331
2210,-79.194569
2211,-122.6619987
2212,-89.798245
2213,-155.99092
2214,-81.4800058
2215,-122.627567
2216,-72.284156
2217,-71.01322
2218,-77.669027
2219,-82.355327
2220,-73.0897182
2221,-76.241112
2222,-117.223224
2223,-89.3128305
2224,-79.863379
2225,-85.632601
2226,-76.152704
2227,-70.718142
2228,-70.9862789
2229,-86.932941
2230,-79.9677342
2231,-84.136145
2232,-73.882972
2233,-78.693781
2234,-83.198109
2235,-93.197832
2236,-83.476707
2237,-80.749532
2238,-77.252444
2239,-81.433352
2240,-75.372294
2241,-92.9769429
2242,-81.540276
2243,-75.182865
2244,-71.350241
2245,-84.3332
2246,-122.240883
2247,-72.155068
2248,-71.414275
2249,-73.638741
2250,-72.810515
2251,-82.6767893
2252,-84.990153
2253,-71.576877
2254,-82.498089
2255,-97.478135
2256,-97.5454
2257,-95.947007
2258,-72.27897
2259,-82.325385
2260,-97.116576
2261,-117.9838889
2262,-82.971217
2263,-70.809652
2264,-115.792468
2265,-122.288686
2266,-76.8207
2267,-98.481846
2268,-80.121275
2269,-78.871643
2270,-80.0716085
2271,-78.785436
2272,-71.444492
2273,-84.974067
2274,-75.132453
2275,-120.828964
2276,-92.603656
2277,-122.831353
2278,-73.433253
2279,-89.986908
2280,-79.84555
2281,-83.145016
2282,-96.738831
2283,-91.750311
2284,-97.339246
2285,-83.826452
2286,-96.685039
2287,-76.4983
2288,-76.9347117
2289,-88.038011
2290,-77.789836
2291,-77.417949
2292,-94.8968336
2293,-84.600469
2294,-83.20448
2295,-96.729903
2296,-96.631591
2297,-75.691395
2298,-94.546561
2299,-75.264154
2300,-75.357672
2301,-92.918766
2302,-84.597178
2303,-87.905885
2304,-106.592207
2305,-122.482164
2306,-111.296587
2307,-121.2918143
2308,-118.80654
2309,-121.650404
2310,-75.590379
2311,-82.450053
2312,-96.888793
2313,-82.0730206
2314,-122.692596
2315,-121.490326
2316,-83.137543
2317,-80.337243
2318,-122.93007
2319,-155.061954
2320,-83.996654
2321,-79.0114629
2322,-117.053585
2323,-111.865295
2324,-118.384132
2325,-75.2264437
2326,-123.368758
2327,-115.245431
2328,-76.5051024
2329,-80.948897
2330,-121.973182
2331,-117.596143
2332,-116.543769
2333,-94.641175
2334,-86.981859
2335,-87.627697
2336,-85.520857
2337,-117.347277
2338,-117.993504
2339,-75.144632
2340,-81.66002
2341,-81.506554
2342,-74.842097
2343,-79.383027
2344,-118.808893
2345,-95.568028
2346,-73.985511
2347,-81.299615
2348,-120.419107
2349,-89.721537
2350,-111.825124
2351,-116.284808
2352,-112.098055
2353,-75.554149
2354,-83.972401
2355,-122.221072
2356,-74.634226
2357,-117.915302
2358,-88.139233
2359,-76.66809
2360,-77.438543
2361,-87.0827258
2362,-117.8653504
2363,-112.000982
2364,-118.5669947
2365,-117.606181
2366,-77.480536
2367,-73.8667982
2368,-88.986166
2369,-76.122735
2370,-72.9805387
2371,-87.065615
2372,-85.404472
2373,-76.19003
2374,-119.328986
2375,-123.093449
2376,-122.34324
2377,-79.396144
2378,-117.191347
2379,-84.034721
2380,-87.656014
2381,-81.160834
2382,-87.178959
2383,-117.8385642
2384,-82.2710556
2385,-75.759593
2386,-74.679828
2387,-117.402109
2388,-77.162379
2389,-122.562
2390,-122.574818
2391,-122.79005
2392,-112.3381
2393,-120.5977084
2394,-75.621829
2395,-75.162617
2396,-83.032619
2397,-101.7285
2398,-83.054472
2399,-80.1958952
2400,-86.467916
2401,-78.493811
2402,-79.115598
2403,-77.827361
2404,-118.449536
2405,-85.780604
2406,-119.095662
2407,-74.653315
2408,-82.999445
2409,-77.194327
2410,-92.495185
2411,-122.30978
2412,-103.0221246
2413,-76.643297
2414,-78.352027
2415,-76.272331
2416,-74.9213196
2417,-84.205036
2418,-73.578063
2419,-73.1187591
2420,-79.824695
2421,-78.743309
2422,-92.040706
2423,-122.89821
2424,-115.1681177
2425,-115.124252
2426,-80.389542
2427,-122.252455
2428,-122.1885064
2429,-81.807563
2430,-79.718049
2431,-122.346325
2432,-90.591551
2433,-74.738846
2434,-98.596047
2435,-121.506013
2436,-105.818621
2437,-82.171727
2438,-114.1206899
2439,-79.946528
2440,-118.15857
2441,-106.270893
2442,-82.044407
2443,-75.920373
2444,-90.7026231
2445,-82.946237
2446,-83.287605
2447,-117.745885
2448,-84.238083
2449,-85.32049
2450,-83.4429342
2451,-82.963965
2452,-96.910225
2453,-84.531084
2454,-82.428195
2455,-118.79216
2456,-79.544724
2457,-71.700081
2458,-81.871807
2459,-83.336402
2460,-112.072193
2461,-74.441208
2462,-71.194051
2463,-117.985512
2464,-82.7113
2465,-74.148316
2466,-71.4389761
2467,-92.896855
2468,-75.578777
2469,-93.224698
2470,-78.004293
2471,-84.031192
2472,-78.531125
2473,-80.7085388
2474,-122.177691
2475,-96.967644
2476,-107.825679
2477,-70.9354387
2478,-74.962859
2479,-106.067639
2480,-74.58374
2481,-103.31911
2482,-85.685385
2483,-70.235287
2484,-71.113093
2485,-79.990957
2486,-88.197115
2487,-111.947348
2488,-78.750382
2489,-89.828891
2490,-78.980652
2491,-87.866846
2492,-96.689232
2493,-83.001311
2494,-111.838011
2495,-95.4328024
2496,-102.602019
2497,-80.358976
2498,-86.1812376
2499,-85.978848
2500,-86.293116
2501,-72.5656662
2502,-72.552232
2503,-71.798527
2504,-94.197125
2505,-82.206339
2506,-80.859604
2507,-94.189049
2508,-95.310407
2509,-119.756212
2510,-82.85275
2511,-86.741089
2512,-85.818345
2513,-81.731337
2514,-90.402996
2515,-78.958862
2516,-83.744349
2517,-83.834674
2518,-79.764058
2519,-83.467685
2520,-121.761615
2521,-93.2988772
2522,-79.822953
2523,-76.95532
2524,-117.094503
2525,-152.365176
2526,-90.0572738
2527,-131.720399
2528,-78.912123
2529,-86.629165
2530,-89.321255
2531,-88.895194
2532,-95.152506
2533,-95.457502
2534,-91.718565
2535,-72.897663
2536,-90.134679
2537,-147.689549
2538,-87.041799
2539,-83.015842
2540,-95.210378
2541,-82.785025
2542,-105.054716
2543,-88.883133
2544,-80.4731368
2545,-77.545274
2546,-83.8752864
2547,-83.739099
2548,-97.420395
2549,-82.356616
2550,-121.433569
2551,-94.171075
2552,-84.934926
2553,-87.790076
2554,-94.162507
2555,-92.233136
2556,-94.37876
2557,-71.4796035
2558,-87.686198
2559,-94.12304
2560,-104.994756
2561,-82.044367
2562,-104.928081
2563,-82.024684
2564,-86.382799
2565,-90.023756
2566,-77.387222
2567,-87.875509
2568,-71.742252
2569,-80.584909
2570,-98.0384441
2571,-81.731763
2572,-97.491285
2573,-93.504868
2574,-111.893377
2575,-111.733671
2576,-98.374863
2577,-111.802765
2578,-83.404242
2579,-86.781523
2580,-78.032339
2581,-85.0122579
2582,-83.087084
2583,-111.520207
2584,-115.6679356
2585,-116.569909
2586,-112.358141
2587,-116.646208
2588,-84.480507
2589,-96.744313
2590,-77.436261
2591,-86.35472
2592,-75.404416
2593,-86.118971
2594,-86.39654
2595,-82.429866
2596,-80.102348
2597,-80.095769
2598,-111.589816
2599,-82.673579
2600,-76.889544
2601,-77.459698
2602,-72.059988
2603,-84.218466
2604,-97.53971
2605,-81.9856878
2606,-77.621472
2607,-78.910233
2608,-77.544623
2609,-81.35037
2610,-80.234958
2611,-92.459468
2612,-90.154602
2613,-83.30886
2614,-88.000247
2615,-87.768713
2616,-87.555088
2617,-87.482627
2618,-97.512067
2619,-85.168326
2620,-95.601827
2621,-90.859838
2622,-77.531673
2623,-74.30088
2624,-81.548619
2625,-91.612425
2626,-116.215202
2627,-87.950503
2628,-75.340694
2629,-114.515088
2630,-80.3255
2631,-79.996556
2632,-80.978396
2633,-98.661093
2634,-93.296293
2635,-78.781156
2636,-115.033216
2637,-74.768533
2638,-117.541261
2639,-81.96487
2640,-81.487474
2641,-79.428301
2642,-73.74784
2643,-95.936667
2644,-82.0343166
2645,-89.849695
2646,-80.74758
2647,-76.869339
2648,-71.98949
2649,-76.982551
2650,-94.772878
2651,-81.768958
2652,-94.654535
2653,-94.122174
2654,-81.243874
2655,-77.688947
2656,-116.343373
2657,-116.283599
2658,-98.704755
2659,-84.407025
2660,-84.521705
2661,-84.675623
2662,-117.445813
2663,-83.488377
2664,-78.856676
2665,-97.463461
2666,-73.944171
2667,-74.980895
2668,-83.172576
2669,-97.639996
2670,-95.903172
2671,-97.531285
2672,-81.3860316
2673,-93.494365
2674,-97.62107
2675,-96.799642
2676,-115.271015
2677,-118.105078
2678,-71.31653
2679,-78.9613536
2680,-83.759967
2681,-76.562621
2682,-90.2426849
2683,-102.4105268
2684,-104.768366
2685,-95.74349
2686,-79.391102
2687,-72.853767
2688,-72.657462
2689,-72.643749
2690,-71.360693
2691,-71.0567099
2692,-71.399512
2693,-74.107074
2694,-80.262238
2695,-72.711673
2696,-79.61228
2697,-79.797888
2698,-80.817636
2699,-72.38155
2700,-72.869537
2701,-76.127475
2702,-83.265794
2703,-81.522918
2704,-73.078212
2705,-90.372369
2706,-73.543756
2707,-96.672346
2708,-81.707294
2709,-73.178586
2710,-111.97302
2711,-92.0677469
2712,-111.016194
2713,-106.700726
2714,-122.283328
2715,-96.767634
2716,-122.420703
2717,-108.467332
2718,-80.064175
2719,-78.965033
2720,-80.270275
2721,-84.147583
2722,-75.6104357
2723,-92.960236
2724,-93.106041
2725,-88.0414823
2726,-87.681094
2727,-81.043891
2728,-92.189444
2729,-90.151335
2730,-81.301391
2731,-84.274352
2732,-92.006138
2733,-75.933743
2734,-118.049799
2735,-122.662799
2736,-118.097675
2737,-80.175083
2738,-118.042273
2739,-71.219806
2740,-73.417392
2741,-117.192629
2742,-94.604949
2743,-82.9258292
2744,-95.877746
2745,-80.155019
2746,-88.203464
2747,-72.718375
2748,-88.351479
2749,-81.724969
2750,-71.729962
2751,-84.536092
2752,-85.128316
2753,-80.276155
2754,-96.697251
2755,-96.61515
2756,-96.606901
2757,-97.367246
2758,-96.609886
2759,-97.270599
2760,-97.1176
2761,-97.286601
2762,-97.240005
2763,-98.438776
2764,-85.273411
2765,-80.254149
2766,-88.491799
2767,-119.8033202
2768,-121.943195
2769,-98.009732
2770,-97.83446
2771,-77.106849
2772,-95.644533
2773,-96.748043
2774,-96.857858
2775,-94.175171
2776,-117.242268
2777,-87.7472666
2778,-80.1202028
2779,-84.413627
2780,-96.8253449
2781,-96.684475
2782,-104.781091
2783,-86.919055
2784,-104.975091
2785,-121.292465
2786,-121.9887
2787,-121.773066
2788,-116.400709
2789,-77.002461
2790,-90.0847276
2791,-97.283333
2792,-97.288509
2793,-94.804202
2794,-82.730111
2795,-120.976596
2796,-120.847072
2797,-110.842387
2798,-122.593133
2799,-122.213722
2800,-122.828569
2801,-98.422094
2802,-98.678566
2803,-98.5534196
2804,-95.75607
2805,-93.351159
2806,-90.073021
2807,-90.396381
2808,-90.328063
2809,-84.269679
2810,-84.463068
2811,-84.194157
2812,-82.550241
2813,-84.034228
2814,-84.218458
2815,-85.668025
2816,-77.644932
2817,-84.085591
2818,-74.3988893
2819,-104.758479
2820,-121.369026
2821,-104.746892
2822,-94.202169
2823,-119.179256
2824,-118.038726
2825,-116.40247
2826,-116.2760806
2827,-122.139482
2828,-117.995057
2829,-97.554652
2830,-98.554924
2831,-121.239575
2832,-80.132043
2833,-93.60227
2834,-98.635461
2835,-87.6628973
2836,-98.356856
2837,-93.299435
2838,-117.0629723
2839,-71.023538
2840,-121.9855022
2841,-85.866191
2842,-84.288978
2843,-104.794046
2844,-117.374193
2845,-104.811498
2846,-104.8887
2847,-117.9497913
2848,-106.200828
2849,-87.140019
2850,-119.147611
2851,-118.947601
2852,-119.112528
2853,-119.022288
2854,-110.807801
2855,-97.332211
2856,-111.04916
2857,-123.258871
2858,-157.862004
2859,-117.7374711
2860,-118.7077044
2861,-95.991433
2862,-122.625807
2863,-95.868901
2864,-122.640847
2865,-96.051326
2866,-96.176515
2867,-95.942778
2868,-97.242388
2869,-76.40359
2870,-82.734284
2871,-80.204346
2872,-76.4650998
2873,-94.209408
2874,-74.062491
2875,-87.606801
2876,-97.5442106
2877,-97.390089
2878,-81.374947
2879,-90.037914
2880,-92.462954
2881,-95.993277
2882,-104.7555238
2883,-96.0599474
2884,-104.7928975
2885,-118.187613
2886,-122.407839
2887,-118.909084
2888,-79.0815583
2889,-105.079542
2890,-86.633691
2891,-84.195045
2892,-82.693067
2893,-86.799345
2894,-82.4532362
2895,-96.916108
2896,-82.4779256
2897,-80.4594941
2898,-70.944198
2899,-96.666503
2900,-84.184909
2901,-84.6010619
2902,-97.4219275
2903,-84.0598
2904,-96.9245811
2905,-111.644288
2906,-93.549071
2907,-81.32819
2908,-89.600888
2909,-74.550923
2910,-95.459955
2911,-76.009275
2912,-76.428826
2913,-79.9985471
2914,-119.147892
2915,-76.737206
2916,-113.587387
2917,-122.419456
2918,-96.597859
2919,-96.577932
2920,-82.762319
2921,-79.590241
2922,-95.804025
2923,-104.853802
2924,-92.494451
2925,-94.296655
2926,-76.863316
2927,-99.3102148
2928,-94.908205
2929,-111.977917
2930,-83.019831
2931,-80.171269
2932,-96.658586
2933,-74.293439
2934,-80.383772
2935,-93.217533
2936,-122.988037
2937,-112.234138
2938,-91.470798
2939,-79.873406
2940,-117.966157
2941,-81.389802
2942,-88.612483
2943,-75.448983
2944,-80.174154
2945,-83.456061
2946,-119.867706
2947,-123.169349
2948,-88.256267
2949,-119.307866
2950,-81.576671
2951,-76.459353
2952,-114.042028
2953,-74.55326
2954,-70.516879
2955,-96.198894
2956,-119.540466
2957,-89.142687
2958,-81.099126
2959,-86.751885
2960,-97.189608
2961,-97.53257
2962,-117.336068
2963,-94.669718
2964,-96.598969
2965,-98.386192
2966,-77.5968688
2967,-79.968079
2968,-119.75658
2969,-82.43698
2970,-97.465846
2971,-96.94703
2972,-97.038182
2973,-97.209309
2974,-97.046313
2975,-156.454892
2976,-91.025189
2977,-74.708272
2978,-74.2999066
2979,-95.602222
2980,-81.4811689
2981,-81.226511
2982,-85.586846
2983,-95.800655
2984,-95.01829
2985,-76.22563
2986,-84.177792
2987,-95.561318
2988,-71.416056
2989,-79.6670644
2990,-79.935709
2991,-82.102019
2992,-84.360259
2993,-81.833799
2994,-81.629059
2995,-104.861788
2996,-95.591395
2997,-80.243694
2998,-106.68984
2999,-112.150364
3000,-97.6744168
3001,-81.164118
3002,-112.218862
3003,-98.315814
3004,-85.290091
3005,-88.228192
3006,-87.767311
3007,-97.566194
3008,-75.026502
3009,-92.003129
3010,-76.448689
3011,-76.2636869
3012,-74.872818
3013,-74.329384
3014,-75.047427
3015,-83.227814
3016,-81.884451
3017,-95.923779
3018,-96.794125
3019,-80.088336
3020,-84.19885
3021,-81.6490412
3022,-82.047909
3023,-121.376304
3024,-78.205538
3025,-115.048277
3026,-115.062957
3027,-115.119993
3028,-110.908802
3029,-115.079671
3030,-80.930448
3031,-93.077455
3032,-111.793378
3033,-87.440031
3034,-87.060902
3035,-111.883825
3036,-82.559178
3037,-80.017725
3038,-115.20307
3039,-111.026742
3040,-82.727723
3041,-80.894602
3042,-119.188261
3043,-110.940899
3044,-100.393372
3045,-104.740053
3046,-106.739343
3047,-86.4329463
3048,-102.40769
3049,-101.862826
3050,-82.217003
3051,-84.025181
3052,-84.046785
3053,-97.132125
3054,-98.2749599
3055,-94.98601
3056,-95.588165
3057,-80.207676
3058,-88.302559
3059,-84.235582
3060,-84.730256
3061,-93.183443
3062,-84.472179
3063,-98.336154
3064,-96.816127
3065,-112.560303
3066,-71.935136
3067,-79.0640008
3068,-119.757584
3069,-76.79168
3070,-82.7062003
3071,-82.344173
3072,-81.696975
3073,-97.428115
3074,-82.743512
3075,-75.0915553
3076,-73.600926
3077,-106.031934
3078,-86.739176
3079,-95.237624
3080,-108.2261788
3081,-104.426641
3082,-97.369339
3083,-96.879774
3084,-96.815957
3085,-88.422922
3086,-97.709576
3087,-78.918123
3088,-86.257839
3089,-86.830894
3090,-79.028972
3091,-74.311823
3092,-83.6993419
3093,-97.707563
3094,-79.150829
3095,-95.644835
3096,-97.800293
3097,-85.67273
3098,-122.328358
3099,-112.030258
3100,-78.932576
3101,-86.08009
3102,-89.634432
3103,-86.310321
3104,-84.599962
3105,-89.0415186
3106,-95.853516
3107,-84.050564
3108,-82.265018
3109,-112.267293
3110,-74.24755
3111,-117.719321
3112,-82.482406
3113,-84.658026
3114,-116.907103
3115,-115.201607
3116,-83.43034
3117,-75.40152
3118,-157.842947
3119,-118.090624
3120,-94.124282
3121,-82.043985
3122,-87.361789
3123,-96.771624
3124,-90.692535
3125,-83.998011
3126,-82.0670162
3127,-83.010366
3128,-76.7324745
3129,-88.254122
3130,-97.204346
3131,-122.109451
3132,-76.4878526
3133,-71.165141
3134,-76.400912
3135,-87.269068
3136,-117.123423
3137,-93.1597977
3138,-87.945401
3139,-95.165177
3140,-75.862418
3141,-88.807863
3142,-80.065411
3143,-81.289448
3144,-89.812168
3145,-95.799143
3146,-95.586073
3147,-95.235878
3148,-84.508137
3149,-116.793273
3150,-106.516849
3151,-95.610473
3152,-83.621758
3153,-78.608937
3154,-93.417731
3155,-99.451706
3156,-106.658132
3157,-74.042466
3158,-118.506124
3159,-116.968341
3160,-117.963494
3161,-80.402274
3162,-96.644043
3163,-122.29724
3164,-82.407398
3165,-89.1443867
3166,-85.975906
3167,-116.968043
3168,-96.46793
3169,-122.77375
3170,-92.581983
3171,-71.068055
3172,-104.89727
3173,-80.724196
3174,-122.516962
3175,-73.412984
3176,-95.530023
3177,-73.449547
3178,-73.419723
3179,-72.286498
3180,-72.678888
3181,-72.918988
3182,-73.004433
3183,-71.141228
3184,-75.690187
3185,-70.593732
3186,-75.139103
3187,-75.342024
3188,-75.315212
3189,-74.0938144
3190,-104.879043
3191,-98.219485
3192,-112.027224
3193,-82.142287
3194,-97.676453
3195,-84.326818
3196,-96.629614
3197,-82.430723
3198,-77.448523
3199,-95.382651
3200,-73.792705
3201,-82.040887
3202,-95.465008
3203,-104.721872
3204,-95.387051
3205,-95.214509
3206,-111.901122
3207,-96.374694
3208,-90.032598
3209,-121.201915
3210,-95.6504343
3211,-106.763155
3212,-88.817278
3213,-97.150711
3214,-74.457207
3215,-77.308069
3216,-78.998765
3217,-79.053432
3218,-89.847127
3219,-87.734201
3220,-112.3644107
3221,-89.639356
3222,-79.2624709
3223,-78.226188
3224,-81.304113
3225,-79.252851
3226,-84.292949
3227,-85.870209
3228,-81.071979
3229,-79.403377
3230,-97.550568
3231,-90.529634
3232,-79.909687
3233,-81.209074
3234,-84.636252
3235,-85.262699
3236,-111.97752
3237,-84.311428
3238,-80.262633
3239,-80.20542
3240,-93.801838
3241,-79.935994
3242,-99.474166
3243,-91.552968
3244,-81.033269
3245,-83.874813
3246,-82.267443
3247,-97.3388787
3248,-82.856144
3249,-77.5282037
3250,-97.7256424
3251,-75.988013
3252,-85.2447285
3253,-77.523547
3254,-83.746931
3255,-79.810763
3256,-80.003193
3257,-90.330656
3258,-76.23355
3259,-102.070354
3260,-95.465145
3261,-119.2129493
3262,-97.3613042
3263,-94.126607
3264,-100.768147
3265,-115.324377
3266,-84.518984
3267,-79.756949
3268,-85.376526
3269,-106.289318
3270,-80.649849
3271,-85.331891
3272,-81.638694
3273,-78.07173
3274,-122.577503
3275,-90.237608
3276,-121.990103
3277,-121.295274
3278,-84.312878
3279,-84.268408
3280,-86.725437
3281,-76.66744
3282,-81.38377
3283,-80.869633
3284,-80.128208
3285,-87.835428
3286,-95.158237
3287,-83.649424
3288,-121.550055
3289,-92.487231
3290,-106.5719999
3291,-106.699666
3292,-115.191704
3293,-119.746385
3294,-112.341401
3295,-80.993615
3296,-92.405713
3297,-96.936202
3298,-79.712979
3299,-116.510876
3300,-84.507908
3301,-104.737674
3302,-85.369318
3303,-93.765036
3304,-122.761382
3305,-84.698029
3306,-92.113661
3307,-84.42986
3308,-92.144564
3309,-111.584612
3310,-83.612256
3311,-122.17533
3312,-119.987509
3313,-94.505311
3314,-93.648246
3315,-96.150001
3316,-106.2620857
3317,-96.607311
3318,-95.387691
3319,-93.797575
3320,-79.269885
3321,-84.208364
3322,-112.136887
3323,-97.484281
3324,-83.103434
3325,-80.244444
3326,-96.883654
3327,-84.411781
3328,-74.961398
3329,-86.2441599
3330,-76.384659
3331,-106.374748
3332,-81.286934
3333,-84.277752
3334,-84.19648
3335,-87.279811
3336,-115.231808
3337,-111.98108
3338,-85.6565534
3339,-74.013451
3340,-117.672495
3341,-111.83672
3342,-82.642731
3343,-122.310195
3344,-122.112545
3345,-76.7815587
3346,-75.737929
3347,-72.9775
3348,-105.0386125
3349,-88.0228929
3350,-83.921922
3351,-110.314252
3352,-75.510578
3353,-83.232228
3354,-94.444776
3355,-96.601788
3356,-81.148939
3357,-105.056397
3358,-82.403788
3359,-76.936528
3360,-74.363391
3361,-95.774585
3362,-101.858844
3363,-111.599933
3364,-83.0899235
3365,-76.342336
3366,-85.062999
3367,-79.804075
3368,-89.024093
3369,-83.672623
3370,-77.357871
3371,-75.821694
3372,-111.772239
3373,-112.069638
3374,-114.107043
3375,-86.859166
3376,-112.2019234
3377,-89.350021
3378,-112.1700005
3379,-122.919037
3380,-98.217288
3381,-82.372798
3382,-80.200616
3383,-80.661758
3384,-111.689643
3385,-81.067214
3386,-103.218178
3387,-77.464564
3388,-97.165234
3389,-77.566106
3390,-84.041709
3391,-104.990612
3392,-93.705344
3393,-96.629915
3394,-77.439732
3395,-86.266661
3396,-158.075334
3397,-110.9188725
3398,-82.301116
3399,-98.204566
3400,-77.4537
3401,-81.517586
3402,-98.713558
3403,-78.842835
3404,-77.504624
3405,-87.898468
3406,-80.047046
3407,-87.867805
3408,-84.422031
3409,-80.423859
3410,-114.482885
3411,-112.276167
3412,-117.024932
3413,-111.613379
3414,-96.649544
3415,-90.92082
3416,-88.682353
3417,-86.1925101
3418,-86.266483
3419,-98.333469
3420,-87.677404
3421,-94.496404
3422,-98.308116
3423,-111.929432
3424,-84.011022
3425,-81.940449
3426,-111.638733
3427,-118.147723
3428,-111.670037
3429,-76.143022
3430,-106.586847
3431,-77.799061
3432,-94.1839495
3433,-97.480925
3434,-97.107633
3435,-98.894305
3436,-98.858328
3437,-94.79772
3438,-98.236619
3439,-121.787924
3440,-85.709074
3441,-118.129015
3442,-98.6681298
3443,-97.859209
3444,-122.478581
3445,-90.453331
3446,-117.9911038
3447,-80.308812
3448,-95.981201
3449,-96.117668
3450,-82.764218
3451,-78.844998
3452,-81.311925
3453,-82.2478204
3454,-82.070236
3455,-93.153513
3456,-72.171052
3457,-74.319214
3458,-81.328774
3459,-80.727333
3460,-78.869442
3461,-98.518627
3462,-97.786657
3463,-84.4754592
3464,-81.416855
3465,-91.905412
3466,-116.936688
3467,-97.3809364
3468,-83.940335
3469,-96.3075792
3470,-117.964352
3471,-121.871095
3472,-123.046768
3473,-96.792178
3474,-122.833583
3475,-116.6140707
3476,-96.3819255
3477,-73.512899
3478,-87.656437
3479,-84.1737497
3480,-86.850848
3481,-77.522046
3482,-96.960578
3483,-87.6918276
3484,-95.277275
3485,-81.394253
3486,-94.799769
3487,-84.87679
3488,-97.279399
3489,-104.811188
3490,-106.188075
3491,-111.813194
3492,-114.594695
3493,-121.256983
3494,-88.1633413
3495,-81.454305
3496,-95.8559141
3497,-85.946475
3498,-96.125323
3499,-112.392434
3500,-82.135999
3501,-123.069674
3502,-97.825017
3503,-76.082721
3504,-81.21099
3505,-84.012705
3506,-85.382194
3507,-112.201314
3508,-85.169186
3509,-111.978633
3510,-87.337007
3511,-85.120347
3512,-80.8493703
3513,-119.577659
3514,-119.853027
3515,-83.77807
3516,-97.119185
3517,-97.078114
3518,-78.84613
3519,-111.61427
3520,-95.033631
3521,-109.737138
3522,-95.127366
3523,-116.186987
3524,-94.947005
3525,-93.606956
3526,-82.067295
3527,-82.031165
3528,-80.40489
3529,-110.977172
3530,-77.529197
3531,-92.9872555
3532,-88.828456
3533,-111.835983
3534,-78.023068
3535,-112.21834
3536,-81.001304
3537,-75.6860817
3538,-91.113992
3539,-82.0233958
3540,-97.005713
3541,-84.949144
3542,-105.080398
3543,-88.372495
3544,-81.5059073
3545,-81.692713
3546,-105.046458
3547,-112.029277
3548,-80.251349
3549,-121.222549
3550,-92.513688
3551,-86.398425
3552,-96.939443
3553,-111.808474
3554,-95.252718
3555,-86.619238
3556,-87.86108
3557,-101.9553076
3558,-81.476496
3559,-97.373553
3560,-82.579404
3561,-112.33649
3562,-104.613146
3563,-114.493126
3564,-115.115396
3565,-114.783442
3566,-117.370036
3567,-107.2496979
3568,-87.848815
3569,-78.432848
3570,-76.385093
3571,-81.766528
3572,-110.086009
3573,-96.8420367
3574,-87.308317
3575,-81.248596
3576,-94.064176
3577,-149.743184
3578,-119.216828
3579,-106.559346
3580,-96.025545
3581,-82.023515
3582,-115.24894
3583,-94.094763
3584,-94.185393
3585,-79.733622
3586,-94.101044
3587,-107.569572
3588,-94.219316
3589,-81.108395
3590,-75.724009
3591,-80.267383
3592,-93.229928
3593,-71.791547
3594,-83.209571
3595,-94.4907311
3596,-72.026407
3597,-78.894642
3598,-97.9096037
3599,-121.38631
3600,-117.396782
3601,-117.55851
3602,-86.058425
3603,-117.030828
3604,-73.612395
3605,-81.394266
3606,-108.7591
3607,-86.135007
3608,-76.813225
3609,-79.788225
3610,-85.030381
3611,-88.283176
3612,-84.500725
3613,-85.82972
3614,-106.345055
3615,-86.328093
3616,-84.895833
3617,-95.486715
3618,-77.910249
3619,-81.529227
3620,-84.977565
3621,-81.49085
3622,-83.026662
3623,-112.014193
3624,-84.31842
3625,-82.523683
3626,-80.791474
3627,-111.919732
3628,-84.24936
3629,-82.251193
3630,-81.230668
3631,-85.879254
3632,-81.220387
3633,-80.110786
3634,-82.80105
3635,-82.632837
3636,-80.103131
3637,-81.555936
3638,-85.512815
3639,-82.4311012
3640,-86.76291
3641,-111.629508
3642,-77.933938
3643,-75.024256
3644,-96.108249
3645,-79.704246
3646,-78.834705
3647,-95.680579
3648,-95.731061
3649,-87.335339
3650,-82.624121
3651,-94.513049
3652,-151.225131
3653,-111.01303
3654,-107.207014
3655,-84.084863
3656,-92.394811
3657,-94.837904
3658,-95.617417
3659,-77.673146
3660,-86.6777998
3661,-101.866919
3662,-86.519873
3663,-108.474014
3664,-110.933161
3665,-116.690869
3666,-86.96832
3667,-94.533505
3668,-80.028306
3669,-78.565036
3670,-83.593346
3671,-81.767261
3672,-121.801112
3673,-80.25242
3674,-78.296957
3675,-80.9663092
3676,-77.451808
3677,-98.442873
3678,-97.021079
3679,-79.8989883
3680,-97.468169
3681,-86.821602
3682,-84.174185
3683,-90.402201
3684,-95.767104
3685,-78.150385
3686,-94.168541
3687,-81.579257
3688,-84.217186
3689,-81.230185
3690,-84.968896
3691,-81.605653
3692,-87.9534021
3693,-85.836005
3694,-95.377074
3695,-82.346165
3696,-88.126922
3697,-81.13094
3698,-95.716448
3699,-84.077745
3700,-89.52239
3701,-77.929145
3702,-80.387532
3703,-94.442987
3704,-97.734896
3705,-115.1082931
3706,-81.173508
3707,-83.959197
3708,-80.150281
3709,-114.277768
3710,-80.136421
3711,-78.061712
3712,-81.956291
3713,-104.905963
3714,-74.3706537
3715,-96.140832
3716,-100.4324835
3717,-80.724834
3718,-92.64286
3719,-94.3947163
3720,-86.914711
3721,-88.945247
3722,-88.246334
3723,-86.791833
3724,-95.829267
3725,-81.417418
3726,-87.4226145
3727,-82.263765
3728,-80.2701531
3729,-94.380671
3730,-81.089807
3731,-78.8436698
3732,-81.34047
3733,-96.16569
3734,-104.990371
3735,-110.873984
3736,-95.330447
3737,-87.3963541
3738,-106.74598
3739,-93.800115
3740,-84.571831
3741,-84.597694
3742,-94.849847
3743,-96.014187
3744,-83.759015
3745,-95.1255913
3746,-80.108561
3747,-76.012249
3748,-76.4486814
3749,-88.714719
3750,-100.881577
3751,-96.86175
3752,-97.168051
3753,-100.94108
3754,-84.086851
3755,-95.7428452
3756,-78.841193
3757,-87.519668
3758,-78.372899
3759,-104.623497
3760,-88.428895
3761,-88.1948625
3762,-80.226573
3763,-95.775883
3764,-88.189278
3765,-91.160018
3766,-82.937533
3767,-78.989089
3768,-82.7736996
3769,-82.682197
3770,-104.7619112
3771,-85.220059
3772,-85.495491
3773,-106.727972
3774,-94.638306
3775,-88.110317
3776,-113.364553
3777,-90.95876
3778,-78.209147
3779,-82.516223
3780,-86.266962
3781,-75.398584
3782,-94.223909
3783,-91.1098629
3784,-111.770375
3785,-82.677643
3786,-86.175231
3787,-90.182488
3788,-80.224153
3789,-79.209399
3790,-111.417486
3791,-90.196316
3792,-88.8330056
3793,-111.765177
3794,-112.0900191
3795,-105.103991
3796,-85.245885
3797,-122.818677
3798,-104.9791069
3799,-117.809269
3800,-86.828967
3801,-121.273287
3802,-80.258481
3803,-92.5910689
3804,-80.859276
3805,-96.789691
3806,-81.757048
3807,-107.062518
3808,-116.979639
3809,-121.951128
3810,-74.714854
3811,-84.4240045
3812,-79.964859
3813,-79.848981
3814,-96.67637
3815,-90.070085
3816,-117.0993336
3817,-85.006727
3818,-83.612969
3819,-83.680654
3820,-78.694009
3821,-83.459494
3822,-117.986649
3823,-81.814048
3824,-103.76949
3825,-81.9703485
3826,-111.089332
3827,-82.5521633
3828,-81.5345
3829,-75.546151
3830,-88.207224
3831,-80.096233
3832,-89.830391
3833,-78.497446
3834,-95.595099
3835,-90.445633
3836,-75.084103
3837,-122.171764
3838,-83.61331
3839,-105.150934
3840,-90.986915
3841,-104.754675
3842,-81.49188
3843,-81.689142
3844,-87.515454
3845,-86.629219
3846,-86.346282
3847,-88.339729
3848,-85.450252
3849,-82.015964
3850,-85.510398
3851,-85.6857848
3852,-115.2938201
3853,-80.731964
3854,-118.300251
3855,-98.471362
3856,-117.297792
3857,-122.108357
3858,-68.732304
3859,-74.4040426
3860,-97.183744
3861,-89.924234
3862,-120.597175
3863,-89.188748
3864,-81.440566
3865,-81.744403
3866,-78.671277
3867,-80.605164
3868,-81.035471
3869,-93.04036
3870,-88.10272
3871,-96.990945
3872,-95.977099
3873,-95.697854
3874,-95.495469
3875,-116.384711
3876,-72.713347
3877,-83.969334
3878,-88.162311
3879,-90.053832
3880,-115.994856
3881,-75.09953
3882,-86.684495
3883,-108.581738
3884,-78.187744
3885,-81.209065
3886,-84.201791
3887,-106.282976
3888,-86.7140176
3889,-111.989018
3890,-111.852489
3891,-86.277122
3892,-74.4248314
3893,-90.622671
3894,-95.100045
3895,-78.777751
3896,-86.745587
3897,-89.862776
3898,-104.725347
3899,-112.179904
3900,-85.712618
3901,-92.085167
3902,-76.907956
3903,-91.213581
3904,-75.022502
3905,-74.967566
3906,-81.278122
3907,-122.289703
3908,-78.933084
3909,-121.574284
3910,-119.095393
3911,-104.704719
3912,-121.820361
3913,-117.009055
3914,-96.180131
3915,-85.149166
3916,-98.325083
3917,-98.5377275
3918,-85.914764
3919,-74.085199
3920,-98.6333388
3921,-96.8973313
3922,-86.464296
3923,-90.330829
3924,-94.2697
3925,-106.785494
3926,-85.130382
3927,-116.9516584
3928,-89.461783
3929,-84.229305
3930,-118.085476
3931,-118.625264
3932,-84.4345706
3933,-118.0828631
3934,-98.131301
3935,-118.576072
3936,-111.756447
3937,-102.944711
3938,-84.998972
3939,-83.580081
3940,-112.084777
3941,-88.229473
3942,-107.747058
3943,-85.45941
3944,-74.562167
3945,-94.665432
3946,-86.447192
3947,-81.275989
3948,-85.564273
3949,-82.824082
3950,-83.1205358
3951,-111.741012
3952,-96.445649
3953,-112.172642
3954,-121.33186
3955,-85.189568
3956,-117.181887
3957,-112.1129733
3958,-122.2558117
3959,-90.027736
3960,-86.485715
3961,-74.376319
3962,-83.504093
3963,-73.289495
3964,-76.3250972
3965,-88.064689
3966,-93.679174
3967,-83.42934
3968,-111.940477
3969,-111.9384
3970,-96.511518
3971,-94.668832
3972,-96.682512
3973,-81.588346
3974,-119.248053
3975,-101.9077642
3976,-95.309766
3977,-82.506783
3978,-98.670902
3979,-82.682331
3980,-77.299815
3981,-82.457679
3982,-76.819837
3983,-98.5658032
3984,-75.168467
3985,-107.767944
3986,-121.304762
3987,-112.026519
3988,-75.630465
3989,-112.060877
3990,-111.859477
3991,-86.484034
3992,-76.513975
3993,-79.686301
3994,-76.11748
3995,-87.573611
3996,-96.124534
3997,-98.433521
3998,-97.216987
3999,-81.448001
4000,-92.485983
4001,-83.911143
4002,-85.205136
4003,-78.534967
4004,-76.309264
4005,-111.72059
4006,-82.59856
4007,-94.151209
4008,-115.226021
4009,-115.224029
4010,-94.277772
4011,-86.791181
4012,-82.486076
4013,-82.69604
4014,-83.444484
4015,-81.293856
4016,-84.868797
4017,-87.482461
4018,-115.1526
4019,-111.731799
4020,-157.974452
4021,-88.017854
4022,-72.573946
4023,-123.134232
4024,-122.662579
4025,-80.239456
4026,-85.599908
4027,-84.584433
4028,-74.293494
4029,-77.643554
4030,-97.547591
4031,-81.3291634
4032,-96.533952
4033,-95.512657
4034,-81.169058
4035,-73.03147
4036,-98.679557
4037,-73.726722
4038,-78.5601586
4039,-82.256481
4040,-85.644231
4041,-81.226489
4042,-82.354334
4043,-73.420396
4044,-80.109045
4045,-81.672532
4046,-111.772934
4047,-112.486112
4048,-115.181684
4049,-117.083014
4050,-94.893071
4051,-94.713426
4052,-82.22378
4053,-96.735578
4054,-97.292334
4055,-90.786605
4056,-81.4140265
4057,-97.386969
4058,-97.5279161
4059,-81.111633
4060,-97.790515
4061,-81.222354
4062,-81.906145
4063,-90.957223
4064,-97.51295
4065,-79.799652
4066,-80.203077
4067,-91.020659
4068,-82.276131
4069,-91.077884
4070,-112.2231893
4071,-112.154941
4072,-112.132538
4073,-104.774366
4074,-111.81464
4075,-115.545833
4076,-95.978308
4077,-119.695785
4078,-79.888894
4079,-117.164984
4080,-114.64726
4081,-76.580363
4082,-77.509207
4083,-75.044627
4084,-76.65699
4085,-79.273316
4086,-81.816809
4087,-86.268184
4088,-111.863553
4089,-95.405982
4090,-105.1362376
4091,-111.654204
4092,-83.583847
4093,-88.345774
4094,-79.226641
4095,-77.497937
4096,-97.546277
4097,-79.698841
4098,-97.049482
4099,-84.3256768
4100,-96.114293
4101,-80.623237
4102,-80.6739212
4103,-78.905125
4104,-112.395288
4105,-122.995675
4106,-91.421907
4107,-82.293354
4108,-105.09877
4109,-87.508809
4110,-84.633418
4111,-83.504371
4112,-79.6076153
4113,-81.073119
4114,-70.84266
4115,-80.023429
4116,-80.369901
4117,-84.364403
4118,-75.208917
4119,-81.085431
4120,-76.586763
4121,-86.216632
4122,-97.21428
4123,-84.521428
4124,-82.364662
4125,-95.0898
4126,-79.770824
4127,-81.745551
4128,-119.402385
4129,-123.051328
4130,-91.617418
4131,-89.471721
4132,-88.159385
4133,-86.026029
4134,-89.1136743
4135,-86.1191817
4136,-87.633528
4137,-81.4220487
4138,-84.334984
4139,-85.07852
4140,-74.179277
4141,-85.779878
4142,-85.667473
4143,-81.486378
4144,-97.095455
4145,-89.968726
4146,-90.580158
4147,-84.571098
4148,-115.029009
4149,-87.742835
4150,-122.8138922
4151,-116.95555
4152,-90.626038
4153,-121.985626
4154,-112.420708
4155,-106.710858
4156,-92.54036
4157,-93.055836
4158,-122.131586
4159,-121.860387
4160,-93.161045
4161,-72.876921
4162,-122.575448
4163,-88.1041709
4164,-95.671781
4165,-88.033948
4166,-111.739644
4167,-90.127186
4168,-80.041162
4169,-86.085461
4170,-74.1374739
4171,-80.126499
4172,-95.516725
4173,-71.08582
4174,-81.991899
4175,-75.951518
4176,-87.575764
4177,-75.618399
4178,-81.984658
4179,-97.3054748
4180,-108.05413
4181,-122.5233909
4182,-122.47981
4183,-80.641827
4184,-88.400548
4185,-90.818157
4186,-83.282483
4187,-83.042617
4188,-83.316028
4189,-78.044292
4190,-82.5079544
4191,-83.734855
4192,-92.118674
4193,-75.129193
4194,-97.607004
4195,-97.611333
4196,-86.162378
4197,-87.716127
4198,-80.945755
4199,-83.388909
4200,-87.6862
4201,-82.430889
4202,-76.25201
4203,-79.183835
4204,-98.719493
4205,-106.5485899
4206,-112.05255
4207,-106.8895603
4208,-75.844512
4209,-75.292055
4210,-76.962003
4211,-84.280172
4212,-75.478088
4213,-117.9870451
4214,-117.601392
4215,-118.2634793
4216,-118.147756
4217,-118.362426
4218,-118.4486726
4219,-121.763685
4220,-122.254376
4221,-121.995845
4222,-121.929191
4223,-121.876915
4224,-97.095414
4225,-95.3129339
4226,-97.15712
4227,-80.352333
4228,-86.769361
4229,-82.319775
4230,-87.7429913
4231,-87.168541
4232,-96.880021
4233,-93.3162617
4234,-122.47217
4235,-121.972124
4236,-124.190507
4237,-119.789216
4238,-119.680832
4239,-110.953398
4240,-119.731113
4241,-119.329685
4242,-117.374942
4243,-117.144421
4244,-117.94235
4245,-119.178825
4246,-117.934851
4247,-117.835671
4248,-117.908042
4249,-75.138469
4250,-87.6899892
4251,-87.594308
4252,-87.644651
4253,-96.731359
4254,-120.4191493
4255,-120.4527076
4256,-118.013542
4257,-117.4768763
4258,-82.503047
4259,-119.074618
4260,-87.8627046
4261,-88.011026
4262,-82.748295
4263,-87.965695
4264,-96.618387
4265,-80.411158
4266,-96.5744519
4267,-106.517784
4268,-105.021464
4269,-122.299477
4270,-121.39202
4271,-117.7417489
4272,-117.0077239
4273,-118.32521
4274,-118.2000966
4275,-117.62971
4276,-93.260852
4277,-93.343274
4278,-95.316745
4279,-120.044129
4280,-88.001714
4281,-101.868925
4282,-86.773547
4283,-80.375096
4284,-79.011671
4285,-92.410566
4286,-84.120553
4287,-87.848618
4288,-99.462361
4289,-120.99185
4290,-96.984024
4291,-99.738532
4292,-86.541605
4293,-105.930871
4294,-110.958581
4295,-90.045013
4296,-77.767965
4297,-87.407594
4298,-82.457053
4299,-75.946979
4300,-82.5678626
4301,-82.195931
4302,-94.091657
4303,-88.105083
4304,-94.210117
4305,-81.258634
4306,-88.213981
4307,-78.555405
4308,-86.730166
4309,-81.085064
4310,-80.456989
4311,-121.668832
4312,-93.771302
4313,-74.100931
4314,-76.751268
4315,-76.22817
4316,-82.476191
4317,-83.488859
4318,-80.147642
4319,-111.9752
4320,-86.001577
4321,-121.655172
4322,-80.148482
4323,-97.411356
4324,-85.450493
4325,-111.92791
4326,-87.232322
4327,-77.076589
4328,-90.747928
4329,-91.797421
4330,-88.828825
4331,-71.913375
4332,-82.489485
4333,-87.632945
4334,-106.721759
4335,-84.460079
4336,-90.52319
4337,-77.057343
4338,-79.175234
4339,-93.141385
4340,-93.040121
4341,-94.687527
4342,-110.770299
4343,-75.979062
4344,-86.2632921
4345,-118.208176
4346,-97.493277
4347,-97.113369
4348,-98.1518
4349,-84.086699
4350,-96.9444264
4351,-97.9905849
4352,-84.325777
4353,-82.088197
4354,-84.50442
4355,-81.45051
4356,-81.56233
4357,-84.586639
4358,-81.609265
4359,-81.623988
4360,-81.774022
4361,-96.754838
4362,-94.1548426
4363,-82.270175
4364,-96.628613
4365,-79.399419
4366,-104.641619
4367,-82.830042
4368,-94.185901
4369,-90.077311
4370,-122.859606
4371,-95.828725
4372,-83.210725
4373,-111.962216
4374,-116.436338
4375,-121.142722
4376,-86.460288
4377,-81.435215
4378,-83.339865
4379,-77.3060069
4380,-122.983947
4381,-121.41621
4382,-77.7760349
4383,-82.924041
4384,-110.776057
4385,-119.721182
4386,-97.4646
4387,-119.359522
4388,-97.389579
4389,-96.80786
4390,-74.106726
4391,-117.035716
4392,-81.399118
4393,-118.353381
4394,-81.406268
4395,-82.750482
4396,-86.288932
4397,-75.356285
4398,-77.331973
4399,-117.3377956
4400,-121.880176
4401,-80.827787
4402,-76.928412
4403,-80.0838658
4404,-96.856976
4405,-117.266426
4406,-120.609275
4407,-75.091761
4408,-81.260129
4409,-97.37517
4410,-83.4707493
4411,-122.679409
4412,-85.083086
4413,-84.910145
4414,-83.529854
4415,-80.063877
4416,-104.966322
4417,-78.957319
4418,-80.376101
4419,-90.2925148
4420,-76.018944
4421,-122.549467
4422,-96.752775
4423,-117.918796
4424,-86.624894
4425,-80.3183
4426,-122.7551918
4427,-122.172531
4428,-77.011954
4429,-106.447104
4430,-117.08928
4431,-80.291605
4432,-77.245276
4433,-117.886899
4434,-119.310199
4435,-105.061212
4436,-106.288423
4437,-95.401322
4438,-97.071956
4439,-82.439696
4440,-106.432354
4441,-77.027284
4442,-87.599021
4443,-77.443029
4444,-93.2390135
4445,-93.286082
4446,-121.3249003
4447,-121.291797
4448,-121.224989
4449,-81.3086112
4450,-121.39903
4451,-96.3425268
4452,-97.364804
4453,-97.35433
4454,-93.297113
4455,-122.64195
4456,-81.414975
4457,-117.062977
4458,-96.593446
4459,-98.205346
4460,-122.852691
4461,-97.99158
4462,-89.019442
4463,-88.891715
4464,-95.938605
4465,-87.938222
4466,-87.711089
4467,-94.6559528
4468,-79.886256
4469,-80.2036081
4470,-104.867555
4471,-81.465424
4472,-105.02339
4473,-82.485802
4474,-76.189303
4475,-80.712497
4476,-80.3802065
4477,-80.2768044
4478,-80.2941906
4479,-97.787378
4480,-89.1015216
4481,-83.357186
4482,-95.648144
4483,-86.084443
4484,-81.245296
4485,-80.854194
4486,-87.988185
4487,-97.6560581
4488,-90.264498
4489,-95.2656
4490,-86.4169154
4491,-112.121213
4492,-111.9016321
4493,-86.489263
4494,-94.413667
4495,-121.454151
4496,-87.3145137
4497,-82.5179737
4498,-76.071246
4499,-81.935064
4500,-89.7622381
4501,-93.218393
4502,-95.7083932
4503,-95.221042
4504,-80.665968
4505,-97.239326
4506,-106.440485
4507,-89.783993
4508,-81.184185
4509,-93.1993259
4510,-83.257543
4511,-98.235897
4512,-76.24621
4513,-80.365806
4514,-106.229737
4515,-80.10162
4516,-89.839673
4517,-80.3673926
4518,-88.958552
4519,-98.3081936
4520,-96.611927
4521,-90.698816
4522,-78.903565
4523,-82.132247
4524,-82.1253186
4525,-86.574707
4526,-101.901918
4527,-85.671851
4528,-93.838319
4529,-81.928813
4530,-97.4149287
4531,-77.472878
4532,-78.77589
4533,-80.665258
4534,-95.8491329
4535,-79.026176
4536,-94.253016
4537,-90.671364
4538,-81.017952
4539,-90.063157
4540,-96.664597
4541,-94.1191402
4542,-82.338427
4543,-92.0069825
4544,-80.2070155
4545,-94.557579
4546,-81.760143
4547,-77.56802
4548,-81.196715
4549,-84.416522
4550,-86.545588
4551,-111.925965
4552,-96.582282
4553,-89.549208
4554,-81.124876
4555,-86.083814
4556,-90.440032
4557,-77.364604
4558,-91.2005534
4559,-77.415686
4560,-101.718978
4561,-81.36242
4562,-97.173681
4563,-77.564317
4564,-112.01151
4565,-78.864133
4566,-77.4735772
4567,-96.512181
4568,-80.7561935
4569,-84.087093
4570,-76.872785
4571,-80.632965
4572,-79.856674
4573,-79.946037
4574,-80.2758531
4575,-111.218821
4576,-77.088785
4577,-100.46149
4578,-79.042438
4579,-77.431884
4580,-96.78663
4581,-82.206053
4582,-83.440227
4583,-106.557792
4584,-77.404357
4585,-96.8577324
4586,-91.055864
4587,-96.515668
4588,-94.256232
4589,-76.835794
4590,-90.9452748
4591,-83.8117412
4592,-83.336257
4593,-87.4951729
4594,-97.407583
4595,-93.826056
4596,-86.592346
4597,-83.692272
4598,-84.531226
4599,-96.841988
4600,-97.408687
4601,-86.869567
4602,-85.473968
4603,-98.543012
4604,-91.0543414
4605,-87.564094
4606,-81.483293
4607,-100.43813
4608,-92.0305
4609,-80.380818
4610,-82.462724
4611,-95.1931345
4612,-97.422127
4613,-100.478566
4614,-95.793034
4615,-82.503907
4616,-81.717698
4617,-81.347946
4618,-92.389561
4619,-114.652506
4620,-97.576797
4621,-86.49261
4622,-78.9857735
4623,-77.357858
4624,-82.207958
4625,-77.9168643
4626,-77.938566
4627,-86.750837
4628,-95.6831967
4629,-101.8153801
4630,-97.184848
4631,-101.919062
4632,-95.4157825
4633,-94.214669
4634,-111.846529
4635,-96.770294
4636,-111.849349
