1,35.10866
2,36.857394
3,35.888765
4,36.3549565
5,36.293955
6,37.141958
7,36.3313
8,36.183467
9,37.663493
10,36.714712
11,34.838767
12,36.269042
13,34.247854
14,35.469113
15,35.618058
16,35.168795
17,36.839161
18,37.825154
19,36.755728
20,36.262476
21,38.362772
22,34.885098
23,39.268764
24,32.543518
25,39.120508
26,37.634119
27,36.904509
28,36.801185
29,35.094581
30,36.639045
31,39.188472
32,37.832201
33,33.925385
34,36.057305
35,37.7894913
36,33.898037
37,36.740695
38,37.807978
39,37.042359
40,39.4476727
41,38.3352206
42,38.580049
43,39.018965
44,37.591722
45,35.81895
46,36.911771
47,34.490929
48,36.631855
49,35.451011
50,34.007244
51,38.864222
52,36.166247
53,36.959408
54,35.280505
55,35.1433678
56,38.781105
57,38.988635
58,36.07663
59,37.072928
60,35.931083
61,35.253427
62,35.5867
63,35.4486832
64,34.588589
65,38.22075
66,38.211942
67,37.433957
68,35.6999918
69,35.165456
70,35.986324
71,36.248722
72,35.95667
73,31.367011
74,30.598559
75,37.337928
76,38.957069
77,37.087131
78,36.376273
79,37.705668
80,33.276653
81,35.798588
82,34.577533
83,37.248775
84,32.6280728
85,37.150021
86,36.946462
87,38.025748
88,36.5764748
89,35.545844
90,35.028039
91,38.666161
92,35.357703
93,37.883896
94,35.760785
95,32.775799
96,38.4344195
97,36.368151
98,37.937606
99,34.477048
100,35.386877
101,34.910046
102,35.876197
103,36.51749
104,35.862878
105,39.758116
106,28.476488
107,37.65365
108,35.031027
109,33.444519
110,34.677408
111,33.586655
112,33.968526
113,32.857781
114,35.605657
115,35.762696
116,34.0223133
117,36.355005
118,37.362068
119,35.840815
120,34.667147
121,34.3907358
122,35.815748
123,35.329141
124,34.72831
125,35.772625
126,34.193239
127,35.248317
128,35.8287229
129,33.134578
130,33.657167
131,35.409307
132,36.810171
133,39.7765306
134,37.241729
135,36.124523
136,34.987486
137,35.350111
138,36.050008
139,31.299557
140,32.747175
141,36.869615
142,33.664699
143,36.412341
144,39.330546
145,32.227952
146,33.759174
147,34.9192022
148,38.150177
149,34.492946
150,35.247101
151,36.714643
152,38.954911
153,35.060053
154,33.596586
155,36.241189
156,34.629368
157,35.997828
158,31.650027
159,34.285602
160,32.130652
161,37.313756
162,36.295227
163,31.750245
164,33.136229
165,34.805224
166,33.567239
167,37.92381
168,38.5404591
169,35.048344
170,28.395378
171,34.72373
172,36.281103
173,36.79952
174,37.180349
175,33.3678514
176,33.470693
177,33.645646
178,39.024151
179,31.951409
180,33.122255
181,37.814622
182,37.30124
183,40.216711
184,29.7763429
185,39.329466
186,35.5989735
187,37.738565
188,36.238808
189,38.625999
190,40.154263
191,40.461079
192,38.522079
193,37.11071
194,39.71992
195,33.222075
196,39.767807
197,32.7675247
198,36.297466
199,35.503711
200,35.088093
201,32.004274
202,39.185505
203,30.908235
204,35.221587
205,35.1396272
206,33.047228
207,38.706715
208,37.748171
209,35.490376
210,38.309085
211,32.527749
212,38.1414384
213,34.5038374
214,33.115504
215,35.511165
216,35.681492
217,32.341355
218,34.789127
219,35.293369
220,37.461908
221,34.3662191
222,39.243164
223,35.201555
224,33.234935
225,36.280919
226,33.0549039
227,31.320306
228,37.7282525
229,38.573605
230,31.950346
231,38.814137
232,32.576633
233,35.438882
234,30.333624
235,31.683347
236,38.26173
237,36.370696
238,32.689696
239,37.997658
240,39.103491
241,38.749971
242,34.308824
243,32.902041
244,37.688625
245,32.416996
246,34.454531
247,38.7753749
248,38.000853
249,32.739723
250,32.930782
251,35.2239804
252,36.0599933
253,33.540549
254,34.618772
255,35.93902
256,34.2420797
257,37.133514
258,34.80428
259,30.716174
260,35.2523274
261,32.42845
262,35.507388
263,34.043471
264,35.322508
265,30.642342
266,36.694977
267,30.024796
268,32.576044
269,30.713817
270,33.8429292
271,33.604067
272,30.763779
273,29.5164259
274,32.333377
275,29.85698
276,30.394988
277,35.2179
278,37.271457
279,38.50661
280,30.106968
281,34.214766
282,36.948807
283,37.759516
284,34.012769
285,36.483717
286,34.7466316
287,34.341887
288,32.508119
289,32.7258051
290,29.972971
291,35.452676
292,30.233198
293,33.78822
294,29.814155
295,38.462144
296,35.136734
297,30.687254
298,38.966414
299,34.119797
300,38.809975
301,33.993612
302,31.304425
303,33.971218
304,30.6574
305,32.052932
306,30.139992
307,39.077943
308,35.844007
309,39.263479
310,36.419232
311,38.358741
312,33.720093
313,34.747008
314,28.877997
315,35.668347
316,30.233061
317,37.429567
318,39.267994
319,34.291348
320,37.497069
321,37.5589096
322,35.470025
323,33.820498
324,39.843391
325,39.846387
326,31.736555
327,33.63588
328,37.677977
329,40.82787
330,33.459493
331,29.216807
332,39.569337
333,30.134346
334,37.925334
335,33.082267
336,38.3531394
337,32.637874
338,38.4342477
339,32.570858
340,35.479083
341,38.674715
342,36.122616
343,33.9352
344,39.111569
345,35.987433
346,35.512288
347,32.286656
348,31.80172
349,37.372299
350,37.768588
351,37.22725
352,32.432088
353,37.273436
354,36.001683
355,36.1128042
356,32.548268
357,33.906164
358,34.7030172
359,39.460818
360,37.001223
361,30.340472
362,38.581196
363,30.258479
364,35.711749
365,29.089432
366,30.244584
367,31.118184
368,35.399753
369,36.084335
370,35.524104
371,35.551073
372,34.258167
373,35.640173
374,34.554437
375,34.4955794
376,26.193521
377,32.542098
378,26.188376
379,32.531894
380,30.331402
381,30.263844
382,34.495318
383,31.118636
384,29.8834396
385,35.970935
386,31.089533
387,34.2405233
388,30.293263
389,36.627014
390,29.942076
391,33.894702
392,26.068984
393,33.850603
394,32.210394
395,30.144151
396,35.775172
397,40.162702
398,33.951021
399,33.105801
400,37.644053
401,33.2355308
402,39.0087859
403,33.228422
404,32.963956
405,33.067154
406,33.093639
407,30.6511982
408,26.301269
409,36.720985
410,32.816741
411,37.0540102
412,33.438556
413,38.629436
414,34.61586
415,29.757736
416,34.765195
417,32.761895
418,38.7607786
419,28.048113
420,27.489274
421,29.343977
422,37.153676
423,30.956855
424,37.484701
425,32.4464337
426,29.395726
427,32.388433
428,29.936493
429,38.913092
430,36.570405
431,26.243829
432,38.376002
433,27.92242
434,25.975195
435,33.610856
436,30.143291
437,28.701256
438,28.422051
439,29.421683
440,27.853628
441,29.162266
442,33.462229
443,35.279842
444,30.195609
445,27.737979
446,33.191193
447,30.177696
448,36.058129
449,32.59215
450,30.483114
451,35.234236
452,28.898853
453,31.425255
454,34.664235
455,39.604775
456,29.150831
457,39.481309
458,38.923672
459,32.463123
460,30.095133
461,30.556986
462,39.085862
463,30.501713
464,38.662953
465,38.196993
466,37.072548
467,33.393498
468,27.674384
469,38.21018
470,33.518642
471,31.6927546
472,31.896254
473,36.387842
474,31.709574
475,29.4709045
476,29.694586
477,30.866174
478,29.265049
479,38.682176
480,30.06285
481,38.035243
482,34.2917
483,33.9600883
484,32.227804
485,31.753235
486,32.333083
487,33.518173
488,35.393703
489,35.108762
490,34.255416
491,29.894378
492,37.74252
493,30.268847
494,32.168984
495,28.834532
496,33.990029
497,38.300079
498,29.402077
499,28.784512
500,29.184128
501,27.449683
502,33.2420091
503,30.235411
504,30.187238
505,29.986171
506,30.239559
507,32.41097
508,29.708414
509,32.48087
510,31.278583
511,31.895721
512,29.683712
513,30.443284
514,30.520821
515,35.4485424
516,29.607776
517,33.971139
518,29.5571658
519,32.743608
520,27.985901
521,37.1407311
522,38.725327
523,29.6385123
524,30.278393
525,27.552401
526,37.117108
527,32.551232
528,38.785465
529,41.457702
530,39.808617
531,31.197949
532,32.40464
533,28.913697
534,33.562105
535,35.463405
536,38.424985
537,32.066152
538,38.050712
539,30.539125
540,36.245588
541,38.230487
542,32.393736
543,37.075612
544,38.930632
545,34.084165
546,36.159391
547,33.64698
548,35.838403
549,29.856133
550,42.012119
551,29.116838
552,27.9070533
553,38.678945
554,36.513272
555,34.94418
556,35.929108
557,38.880878
558,33.857892
559,38.088497
560,31.624849
561,32.664652
562,37.568988
563,31.484879
564,33.481376
565,26.180441
566,38.378008
567,37.786284
568,36.508678
569,31.426283
570,40.726452
571,35.570126
572,30.123448
573,31.268054
574,40.537969
575,35.017074
576,31.9867025
577,32.04225
578,39.724869
579,32.207348
580,29.258744
581,32.029805
582,33.450048
583,33.059904
584,34.202913
585,39.485111
586,39.101072
587,33.5241622
588,33.890811
589,35.460395
590,36.545412
591,35.56241
592,33.892389
593,26.679553
594,32.7249201
595,34.280231
596,33.393724
597,34.4358664
598,34.726994
599,34.8284813
600,32.950336
601,34.193435
602,41.22115
603,34.250827
604,31.99979
605,41.396587
606,40.744902
607,34.857024
608,34.822652
609,35.087204
610,34.701157
611,33.7872622
612,34.487945
613,42.024062
614,42.099218
615,41.721997
616,31.212801
617,36.860033
618,38.745103
619,28.555379
620,30.12284
621,36.83001
622,37.986336
623,35.513194
624,37.325152
625,36.14509
626,34.275423
627,36.131739
628,34.74765
629,34.78855
630,35.4528545
631,37.345868
632,34.556416
633,27.513088
634,38.903229
635,35.69885
636,35.38984
637,36.191829
638,34.76783
639,34.14914
640,36.594714
641,35.771244
642,36.376943
643,35.943773
644,35.879877
645,34.299429
646,36.413982
647,36.063412
648,35.850374
649,35.27339
650,36.18768
651,35.654492
652,36.213757
653,36.041872
654,35.983311
655,36.349209
656,34.440216
657,31.689946
658,37.068529
659,37.551571
660,37.614603
661,29.157851
662,37.655094
663,37.856106
664,35.20219
665,34.359626
666,36.3088479
667,32.434137
668,37.719915
669,37.987629
670,30.075827
671,28.269612
672,28.817694
673,34.180894
674,36.216541
675,32.307876
676,37.732984
677,34.668517
678,28.342241
679,37.020959
680,34.555559
681,33.165251
682,28.060008
683,37.728608
684,33.529992
685,33.5432197
686,38.160484
687,31.780755
688,36.128856
689,28.125998
690,27.013882
691,34.0463802
692,32.941317
693,32.211604
694,37.799907
695,32.835031
696,33.1759079
697,36.84596
698,32.493003
699,35.47119
700,35.217716
701,31.3159
702,36.088711
703,31.4452218
704,36.62223
705,35.3890064
706,35.822085
707,29.995677
708,31.066215
709,33.553185
710,38.556061
711,42.052095
712,42.451983
713,41.412763
714,41.697155
715,29.646612
716,36.557421
717,34.521761
718,35.159637
719,28.937858
720,32.060471
721,37.7679224
722,27.56845
723,33.590204
724,29.59176
725,33.361719
726,42.486885
727,29.691111
728,34.834244
729,32.4341545
730,27.047596
731,29.789113
732,30.181352
733,29.721342
734,28.359625
735,38.358995
736,30.491529
737,41.441249
738,30.0905
739,26.893357
740,40.981605
741,30.599475
742,33.798413
743,28.000741
744,39.753883
745,29.235156
746,40.978989
747,33.562448
748,31.688927
749,41.453353
750,35.5668534
751,32.788794
752,40.198728
753,41.197904
754,27.769731
755,34.998002
756,38.070078
757,41.373026
758,33.238248
759,39.415132
760,40.814269
761,37.066998
762,41.949345
763,28.842541
764,40.330026
765,42.6095957
766,30.793589
767,32.813849
768,32.842692
769,29.045462
770,38.510098
771,33.599042
772,32.314746
773,43.1455271
774,31.731877
775,27.206591
776,35.840033
777,27.221482
778,30.180329
779,38.14942
780,28.301788
781,26.62088
782,38.951369
783,31.582156
784,34.437698
785,35.18974
786,36.741209
787,37.549096
788,36.767974
789,35.144791
790,39.71151
791,32.543138
792,41.763311
793,35.652385
794,30.778436
795,32.6254
796,36.134924
797,38.073728
798,35.079638
799,36.524878
800,41.783448
801,38.313974
802,31.23577
803,41.384538
804,35.076253
805,40.262181
806,30.462569
807,29.900833
808,42.973808
809,35.111968
810,30.064712
811,33.324294
812,37.6390437
813,40.28147
814,30.6781469
815,41.3781973
816,34.959728
817,27.891997
818,29.061722
819,33.527803
820,33.164864
821,32.202161
822,33.70787
823,31.826074
824,33.5731692
825,30.8870711
826,41.879639
827,29.683664
828,28.759625
829,30.593568
830,37.482281
831,32.393959
832,38.427274
833,32.401606
834,29.573345
835,36.38752
836,37.00257
837,31.553404
838,31.579129
839,32.834833
840,35.013875
841,36.519016
842,34.183876
843,33.998141
844,43.017913
845,42.506696
846,40.876676
847,39.527051
848,31.35317
849,38.254537
850,30.859931
851,41.815539
852,41.70526
853,34.83499
854,38.073249
855,28.5659
856,30.896466
857,32.673377
858,31.408738
859,30.826047
860,34.435024
861,30.382508
862,29.565535
863,32.287958
864,35.528593
865,39.643694
866,40.158118
867,36.066625
868,33.042326
869,28.447665
870,42.591163
871,29.9590023
872,30.043339
873,43.291583
874,29.87864
875,31.318476
876,36.677044
877,31.10974
878,30.441009
879,38.235277
880,32.558194
881,32.580056
882,40.03376
883,38.524593
884,27.984095
885,29.644076
886,34.196077
887,40.627049
888,32.325856
889,27.636631
890,27.2655144
891,33.272396
892,30.47255
893,30.6250365
894,39.140472
895,41.937176
896,32.385046
897,32.75506
898,34.019289
899,31.521421
900,27.896262
901,33.589118
902,28.549548
903,30.727818
904,33.673713
905,35.703382
906,32.649606
907,31.170209
908,28.635005
909,35.207083
910,30.092263
911,41.43277
912,42.736174
913,29.063306
914,28.6495856
915,28.66579
916,31.871419
917,37.138803
918,30.0747668
919,32.731493
920,31.683055
921,44.020938
922,37.346206
923,28.136798
924,30.5140772
925,30.423293
926,40.404373
927,28.458334
928,28.006751
929,32.812396
930,43.570315
931,27.421425
932,30.64744
933,32.180906
934,43.941269
935,28.037986
936,34.000327
937,32.35449
938,40.386203
939,44.097971
940,41.0076525
941,39.586924
942,37.089881
943,26.525299
944,30.600827
945,30.003591
946,30.684378
947,28.180178
948,38.367599
949,28.207804
950,36.047802
951,39.502476
952,39.043571
953,25.925047
954,39.291348
955,29.3588372
956,41.652891
957,39.036083
958,38.232244
959,27.460293
960,31.964712
961,40.456889
962,43.312655
963,37.127996
964,32.274694
965,34.9131373
966,43.489327
967,39.656169
968,39.046101
969,31.836124
970,33.700301
971,42.70163
972,43.664017
973,38.82334
974,32.178956
975,38.448662
976,32.3510593
977,36.692545
978,31.26364
979,32.588146
980,38.865459
981,35.388916
982,40.683779
983,28.762864
984,30.2262571
985,34.7342509
986,35.277323
987,38.95545
988,35.335022
989,33.034819
990,44.097475
991,36.471882
992,29.876999
993,26.174683
994,34.736602
995,30.103372
996,32.298035
997,29.809444
998,40.006018
999,34.933212
1000,28.542786
1001,33.589722
1002,36.720647
1003,33.596282
1004,33.731681
1005,39.540389
1006,32.5517837
1007,38.394631
1008,32.962318
1009,38.449068
1010,35.293849
1011,32.338638
1012,35.727126
1013,29.551853
1014,35.928486
1015,31.051472
1016,31.861931
1017,30.386784
1018,33.680812
1019,29.45855
1020,38.870255
1021,32.339014
1022,27.829339
1023,31.442672
1024,34.656273
1025,31.061671
1026,36.580158
1027,33.781612
1028,30.425341
1029,32.86309
1030,36.359431
1031,29.625994
1032,31.720395
1033,30.177358
1034,29.015677
1035,30.301618
1036,28.255445
1037,27.15702
1038,28.283389
1039,30.250666
1040,28.504964
1041,30.392334
1042,35.040483
1043,31.32176
1044,35.159693
1045,39.521948
1046,40.305619
1047,35.927743
1048,38.9837453
1049,28.631976
1050,30.580162
1051,37.647903
1052,34.786482
1053,29.998212
1054,31.577418
1055,32.507156
1056,30.793455
1057,28.857661
1058,34.1196525
1059,32.853507
1060,34.349543
1061,32.773497
1062,32.46287
1063,32.912532
1064,35.557306
1065,37.11412
1066,34.527588
1067,33.056199
1068,32.731829
1069,35.867227
1070,26.125185
1071,39.225427
1072,34.548085
1073,33.116273
1074,34.45249
1075,40.5151595
1076,29.778912
1077,34.689791
1078,30.46707
1079,34.980904
1080,31.095695
1081,35.692223
1082,35.908919
1083,34.489563
1084,30.704493
1085,35.339904
1086,30.420257
1087,34.35764
1088,29.7680323
1089,43.051987
1090,38.201435
1091,39.812717
1092,38.68783
1093,32.951903
1094,38.069083
1095,36.275243
1096,34.983497
1097,33.210795
1098,33.87607
1099,32.832703
1100,43.059956
1101,32.8090607
1102,30.597257
1103,39.132168
1104,30.255199
1105,34.664064
1106,39.020193
1107,36.439395
1108,39.079977
1109,38.782214
1110,38.6319177
1111,33.579201
1112,29.911302
1113,34.074009
1114,37.849134
1115,34.630698
1116,31.2439762
1117,42.605454
1118,32.984603
1119,38.102544
1120,31.939592
1121,30.283485
1122,30.284726
1123,35.176555
1124,27.392304
1125,35.456323
1126,33.909904
1127,38.596021
1128,29.549792
1129,32.864121
1130,39.359859
1131,33.979847
1132,37.942881
1133,33.8247643
1134,30.339335
1135,30.075608
1136,38.744895
1137,35.589556
1138,36.85829
1139,42.919568
1140,37.565357
1141,31.8670328
1142,36.056242
1143,32.525782
1144,36.0088
1145,29.6124
1146,35.978113
1147,38.837516
1148,30.688578
1149,39.628054
1150,33.647006
1151,44.354549
1152,27.715137
1153,30.262712
1154,30.195261
1155,30.161539
1156,30.4207569
1157,35.483343
1158,42.406207
1159,37.899113
1160,30.306298
1161,28.531095
1162,30.799419
1163,39.36722
1164,32.985871
1165,34.479327
1166,35.1663604
1167,32.877207
1168,37.675374
1169,30.4503575
1170,28.515333
1171,30.545253
1172,30.497588
1173,30.527664
1174,36.247874
1175,42.397245
1176,33.361773
1177,33.504905
1178,31.081946
1179,34.20044
1180,29.4901145
1181,36.857879
1182,37.823253
1183,30.137709
1184,35.38627
1185,35.081861
1186,40.108516
1187,35.320606
1188,31.560187
1189,39.876148
1190,41.580699
1191,35.34947
1192,36.6940514
1193,28.119414
1194,34.90851
1195,37.29907
1196,35.047606
1197,39.562394
1198,30.221033
1199,34.761765
1200,31.5999747
1201,31.487916
1202,41.51903
1203,36.972144
1204,32.97197
1205,35.123659
1206,40.3283014
1207,37.980387
1208,30.43774
1209,38.765978
1210,30.901828
1211,34.303196
1212,43.173711
1213,33.501291
1214,32.387318
1215,38.74038
1216,32.695707
1217,42.836394
1218,44.291594
1219,39.075137
1220,40.071845
1221,39.550916
1222,29.918005
1223,29.922285
1224,32.501376
1225,34.972966
1226,36.07209
1227,36.376777
1228,33.964176
1229,43.714983
1230,41.012502
1231,32.23359
1232,39.453074
1233,37.16055
1234,36.147884
1235,29.502205
1236,40.530175
1237,33.424433
1238,34.779932
1239,34.069993
1240,26.1477897
1241,35.100925
1242,36.956107
1243,41.271542
1244,37.206757
1245,32.887165
1246,41.190112
1247,30.64515
1248,39.636245
1249,34.712898
1250,37.2900499
1251,32.540884
1252,35.174254
1253,39.3996185
1254,42.725543
1255,34.08896
1256,29.3528588
1257,44.8527065
1258,35.577077
1259,35.911682
1260,41.164049
1261,36.005357
1262,35.5232155
1263,36.088885
1264,35.794678
1265,40.728316
1266,31.360324
1267,38.783942
1268,40.94271
1269,32.288399
1270,40.761249
1271,35.0433092
1272,40.7525512
1273,42.473368
1274,40.290528
1275,33.41267
1276,37.805879
1277,40.889031
1278,36.846533
1279,34.110157
1280,32.423808
1281,36.275974
1282,33.700533
1283,38.134491
1284,30.024946
1285,36.735782
1286,37.805608
1287,37.353827
1288,34.146396
1289,29.949489
1290,37.972732
1291,35.559783
1292,34.7348209
1293,26.167944
1294,29.490162
1295,30.412276
1296,39.418348
1297,32.934593
1298,34.739219
1299,38.034292
1300,32.78962
1301,30.389545
1302,32.93911
1303,42.433577
1304,33.56619
1305,32.621467
1306,45.175726
1307,35.082534
1308,34.571629
1309,38.784658
1310,39.206333
1311,34.244396
1312,28.659911
1313,35.719085
1314,33.90295
1315,44.959151
1316,36.3228
1317,30.727748
1318,41.557154
1319,35.577534
1320,42.368908
1321,33.413821
1322,37.9981886
1323,32.425554
1324,34.208194
1325,35.619645
1326,40.870172
1327,26.278423
1328,41.447747
1329,42.036646
1330,29.17252
1331,27.845075
1332,38.534926
1333,41.298646
1334,35.262364
1335,34.242149
1336,43.458483
1337,42.960177
1338,26.574994
1339,33.919842
1340,34.536413
1341,37.325966
1342,41.745338
1343,39.1558595
1344,39.456055
1345,30.461987
1346,35.204341
1347,40.056617
1348,29.7932
1349,41.301639
1350,31.912168
1351,28.98382
1352,42.209328
1353,42.186054
1354,34.6971752
1355,41.404038
1356,41.127955
1357,43.424486
1358,38.59509
1359,34.554753
1360,42.015255
1361,37.2458298
1362,42.978689
1363,43.4034976
1364,41.170842
1365,38.485575
1366,44.015765
1367,40.417702
1368,41.374632
1369,44.284128
1370,40.554332
1371,39.582107
1372,41.045448
1373,43.572988
1374,38.823798
1375,37.65447
1376,26.64949
1377,40.555998
1378,36.904863
1379,30.342276
1380,39.311522
1381,37.126268
1382,36.70564
1383,40.706877
1384,39.090131
1385,41.5200492
1386,40.862191
1387,46.694534
1388,44.076137
1389,45.4759224
1390,38.829015
1391,35.096683
1392,44.526822
1393,39.938168
1394,32.764623
1395,43.042872
1396,34.936522
1397,39.660399
1398,39.996788
1399,40.624235
1400,41.580611
1401,39.689426
1402,31.849507
1403,36.426135
1404,41.265902
1405,35.14655
1406,34.307673
1407,36.596821
1408,35.03
1409,44.163908
1410,45.100793
1411,44.74111
1412,41.295443
1413,36.3361743
1414,32.6744478
1415,44.411593
1416,38.332009
1417,38.410806
1418,38.3047049
1419,42.90729
1420,28.026915
1421,41.454783
1422,40.163085
1423,44.273032
1424,33.447061
1425,41.667118
1426,39.701967
1427,41.373432
1428,31.480615
1429,42.266166
1430,27.727731
1431,37.278882
1432,36.135406
1433,33.732555
1434,42.458395
1435,37.811906
1436,39.863295
1437,42.238635
1438,44.886833
1439,37.507105
1440,39.647596
1441,28.085837
1442,36.428333
1443,39.630918
1444,42.482171
1445,44.779373
1446,37.73877
1447,42.048737
1448,33.337731
1449,28.095288
1450,38.436729
1451,25.9935839
1452,39.011316
1453,43.196221
1454,35.654823
1455,39.031686
1456,39.224556
1457,45.456105
1458,26.293245
1459,38.89265
1460,37.652043
1461,39.909219
1462,42.664048
1463,36.296203
1464,37.613893
1465,39.977681
1466,42.119505
1467,37.350273
1468,42.031916
1469,33.757227
1470,33.5784583
1471,46.791635
1472,27.8158476
1473,43.516817
1474,40.762155
1475,44.314414
1476,44.478239
1477,26.689142
1478,45.022509
1479,33.636517
1480,39.263381
1481,47.887004
1482,42.502357
1483,39.843289
1484,40.7770883
1485,33.470806
1486,42.406384
1487,40.413229
1488,38.554562
1489,41.936421
1490,38.023504
1491,35.655173
1492,32.813411
1493,41.59913
1494,42.923183
1495,36.488342
1496,39.929679
1497,35.232111
1498,36.080571
1499,36.165098
1500,45.207265
1501,38.752864
1502,41.618093
1503,34.693755
1504,48.1819593
1505,41.362476
1506,38.621092
1507,41.249775
1508,42.8541963
1509,46.908396
1510,40.438184
1511,39.496607
1512,41.492642
1513,45.189871
1514,34.045297
1515,36.279949
1516,46.864665
1517,36.975625
1518,36.1231761
1519,39.773528
1520,35.298796
1521,41.120783
1522,39.596322
1523,37.673392
1524,34.465211
1525,33.85557
1526,26.436375
1527,25.935789
1528,40.261651
1529,43.817639
1530,40.230455
1531,41.695929
1532,36.004616
1533,33.63843
1534,38.914788
1535,35.60703
1536,40.006534
1537,41.933638
1538,39.752123
1539,34.699825
1540,40.028409
1541,30.438562
1542,44.098149
1543,35.153126
1544,40.581333
1545,40.162188
1546,47.2017
1547,43.049135
1548,32.136724
1549,43.214571
1550,35.925361
1551,38.009048
1552,36.02823
1553,40.409033
1554,42.851375
1555,31.148441
1556,43.080606
1557,41.112105
1558,41.473884
1559,40.7091841
1560,41.238458
1561,39.531649
1562,35.391531
1563,41.404655
1564,35.604809
1565,46.88175
1566,42.781897
1567,41.6986659
1568,37.040757
1569,45.980168
1570,48.194659
1571,45.84835
1572,45.592684
1573,42.98053
1574,40.810122
1575,35.8341
1576,41.0505489
1577,42.580217
1578,31.843586
1579,43.787802
1580,40.991619
1581,40.808859
1582,33.391531
1583,36.32181
1584,41.315128
1585,46.880551
1586,39.111782
1587,43.383123
1588,38.182987
1589,40.013317
1590,37.084046
1591,44.290001
1592,39.019833
1593,41.6222542
1594,46.341881
1595,34.611652
1596,33.480822
1597,39.969622
1598,35.264918
1599,35.811119
1600,35.733962
1601,40.819163
1602,35.46672
1603,35.1994206
1604,40.216727
1605,41.17436
1606,44.776217
1607,39.658092
1608,42.388201
1609,46.603347
1610,37.553369
1611,37.928236
1612,43.095414
1613,43.048863
1614,40.342207
1615,43.879795
1616,25.685292
1617,42.069294
1618,42.876081
1619,36.829961
1620,40.02317
1621,40.650464
1622,40.7618798
1623,44.380285
1624,36.746071
1625,36.823503
1626,39.899848
1627,39.6139062
1628,38.989813
1629,34.065136
1630,34.050112
1631,35.647439
1632,48.0979954
1633,38.411762
1634,32.9589415
1635,46.292561
1636,43.0410838
1637,41.06831
1638,39.451745
1639,28.122779
1640,41.175967
1641,42.9076868
1642,38.36206
1643,41.661572
1644,40.6641378
1645,32.3261145
1646,33.528969
1647,40.592292
1648,39.424718
1649,38.540822
1650,27.926481
1651,41.057471
1652,38.639191
1653,43.69059
1654,33.886549
1655,38.772711
1656,44.432426
1657,41.536957
1658,40.533463
1659,38.435223
1660,39.684407
1661,41.644112
1662,43.970627
1663,37.904105
1664,42.859824
1665,40.0644809
1666,42.026224
1667,40.147006
1668,43.000049
1669,42.1525
1670,39.216724
1671,41.871911
1672,40.182683
1673,44.8717545
1674,42.263954
1675,38.929245
1676,43.190503
1677,33.35103
1678,33.806034
1679,36.817489
1680,43.234165
1681,39.826734
1682,39.729508
1683,32.821602
1684,40.584009
1685,35.862402
1686,42.902092
1687,42.585496
1688,43.625476
1689,46.817374
1690,38.367439
1691,39.8867273
1692,37.400469
1693,42.8947328
1694,38.668326
1695,37.237732
1696,41.596983
1697,40.0520521
1698,38.736533
1699,34.023274
1700,34.105588
1701,33.98352
1702,40.68772
1703,40.272686
1704,41.78391
1705,41.1281024
1706,35.442723
1707,37.118586
1708,42.193388
1709,44.516753
1710,40.2941845
1711,43.162076
1712,41.706569
1713,44.518147
1714,38.09739
1715,39.306283
1716,42.569011
1717,38.358148
1718,42.7277
1719,44.828515
1720,44.9646925
1721,43.622201
1722,42.081336
1723,38.112985
1724,41.951627
1725,43.470111
1726,35.277476
1727,45.147843
1728,41.390995
1729,41.008702
1730,42.809386
1731,44.0915373
1732,43.570847
1733,32.8630502
1734,43.500863
1735,39.039531
1736,41.069749
1737,33.703645
1738,29.553351
1739,43.031276
1740,32.66855
1741,39.808346
1742,40.461959
1743,41.965241
1744,41.530779
1745,40.847635
1746,36.862881
1747,42.003553
1748,36.810606
1749,45.850649
1750,35.79587
1751,43.051597
1752,44.910874
1753,40.814772
1754,35.213517
1755,39.823698
1756,42.2282
1757,36.324329
1758,40.725996
1759,38.77154
1760,42.9540567
1761,38.30653
1762,33.813069
1763,34.18319
1764,44.492673
1765,43.189246
1766,42.434355
1767,42.095462
1768,41.872722
1769,30.009001
1770,36.214796
1771,37.785539
1772,36.057874
1773,36.772868
1774,41.430204
1775,45.230446
1776,26.062116
1777,31.338217
1778,39.9756642
1779,29.209128
1780,41.8285902
1781,26.205328
1782,33.72639
1783,39.920766
1784,36.192512
1785,38.648593
1786,44.8562449
1787,44.839916
1788,41.678819
1789,39.603188
1790,45.032923
1791,44.951553
1792,32.697644
1793,44.540069
1794,45.100635
1795,34.0767
1796,41.64066
1797,44.11765
1798,44.630623
1799,39.585473
1800,39.896213
1801,46.712044
1802,43.976571
1803,41.788163
1804,46.593512
1805,39.146418
1806,26.932272
1807,45.711725
1808,36.0834328
1809,34.882594
1810,38.712775
1811,43.8374
1812,43.389624
1813,41.465598
1814,40.248405
1815,36.577321
1816,40.678581
1817,41.760285
1818,45.335366
1819,41.262279
1820,40.878144
1821,38.417387
1822,41.806569
1823,38.935591
1824,41.162035
1825,41.134599
1826,42.001684
1827,41.777587
1828,38.949789
1829,41.9237
1830,42.56033
1831,33.938582
1832,39.144796
1833,43.486775
1834,39.117098
1835,45.963776
1836,41.644861
1837,43.094308
1838,43.198681
1839,42.813637
1840,44.478683
1841,41.774985
1842,40.992609
1843,33.89087
1844,41.354048
1845,34.132285
1846,32.8423055
1847,42.116233
1848,44.878666
1849,34.137744
1850,45.35585
1851,26.318786
1852,39.700512
1853,34.10349
1854,43.464286
1855,44.656618
1856,42.99963
1857,46.697536
1858,41.309977
1859,43.0363756
1860,46.7033486
1861,42.8255173
1862,45.635914
1863,46.464518
1864,40.276623
1865,36.712042
1866,41.904616
1867,44.524801
1868,41.765639
1869,40.295123
1870,42.808393
1871,42.641387
1872,40.858346
1873,34.116431
1874,43.907103
1875,41.783832
1876,48.4139887
1877,44.922201
1878,40.390234
1879,36.2650989
1880,42.45371
1881,42.31514
1882,44.0274
1883,45.121055
1884,43.401093
1885,45.758042
1886,36.08324
1887,26.274446
1888,26.365735
1889,41.455314
1890,27.957315
1891,38.988376
1892,40.479321
1893,37.509427
1894,41.354317
1895,42.802569
1896,41.227359
1897,37.504108
1898,39.49498
1899,42.136021
1900,44.07697
1901,42.3729971
1902,43.378016
1903,40.072671
1904,46.143162
1905,42.097
1906,38.931599
1907,41.364504
1908,41.923379
1909,44.269065
1910,38.292897
1911,37.606766
1912,42.664417
1913,41.261711
1914,39.0986317
1915,37.699249
1916,38.78799
1917,42.1568225
1918,43.053792
1919,34.662934
1920,40.265977
1921,34.105919
1922,44.692173
1923,43.196977
1924,39.141343
1925,42.90994
1926,42.012834
1927,42.746495
1928,25.987873
1929,37.008583
1930,40.4618576
1931,45.221466
1932,36.09619
1933,36.738206
1934,35.46261
1935,42.487476
1936,46.422883
1937,47.141249
1938,41.168113
1939,41.789497
1940,42.170583
1941,39.4621
1942,44.568057
1943,38.854186
1944,44.295983
1945,39.91435
1946,48.55379
1947,40.92373
1948,41.904302
1949,41.740984
1950,41.523981
1951,40.349975
1952,37.751554
1953,39.624903
1954,33.93707
1955,37.604711
1956,37.971663
1957,46.846573
1958,34.220106
1959,38.319613
1960,46.975337
1961,40.125971
1962,39.0227289
1963,37.317972
1964,40.047499
1965,42.767271
1966,39.723234
1967,39.379153
1968,39.612001
1969,44.343123
1970,38.2790814
1971,44.837414
1972,40.455457
1973,36.03882
1974,35.222591
1975,39.133706
1976,39.525898
1977,43.10445
1978,43.227474
1979,38.35793
1980,40.3089103
1981,35.837213
1982,42.742729
1983,41.097454
1984,42.077237
1985,42.4479441
1986,41.34997
1987,35.926448
1988,40.141962
1989,29.735485
1990,61.192213
1991,42.310525
1992,61.140195
1993,41.420513
1994,61.568719
1995,39.40411
1996,33.662186
1997,44.023733
1998,27.982801
1999,42.257811
2000,46.54749
2001,33.872491
2002,39.578766
2003,33.024521
2004,45.694689
2005,45.049086
2006,43.013638
2007,41.116058
2008,36.634933
2009,25.787081
2010,44.708186
2011,43.12345
2012,33.172662
2013,41.779032
2014,42.278396
2015,40.194859
2016,46.182607
2017,35.612445
2018,45.62615
2019,43.957893
2020,40.06045
2021,32.921859
2022,42.1419743
2023,41.497674
2024,39.5289638
2025,39.425258
2026,33.902464
2027,39.4521464
2028,43.147314
2029,33.421996
2030,33.507771
2031,33.521957
2032,40.4959421
2033,30.752617
2034,43.334668
2035,37.431416
2036,47.233071
2037,42.595005
2038,37.05397
2039,42.496892
2040,33.445291
2041,39.772625
2042,42.121102
2043,39.742724
2044,21.450001
2045,41.99737
2046,41.0320768
2047,44.918411
2048,43.033961
2049,38.998341
2050,30.37753
2051,30.2322111
2052,42.6823913
2053,43.6245
2054,38.480524
2055,35.295375
2056,35.9549
2057,42.448723
2058,42.801879
2059,44.016779
2060,44.780385
2061,39.926499
2062,42.964506
2063,40.645122
2064,41.8184691
2065,46.831571
2066,32.581551
2067,40.40481
2068,26.1478499
2069,42.694877
2070,43.4743792
2071,33.970083
2072,42.55141
2073,40.880134
2074,42.285163
2075,41.641904
2076,42.080352
2077,37.698323
2078,37.17957
2079,41.29143
2080,42.500879
2081,40.022381
2082,43.060842
2083,40.8096416
2084,42.1084095
2085,40.303211
2086,41.504713
2087,36.699744
2088,32.805348
2089,26.932745
2090,45.174965
2091,33.7402813
2092,44.1727
2093,42.55444
2094,47.454144
2095,61.309037
2096,40.822864
2097,39.480557
2098,41.7953
2099,47.106535
2100,41.459818
2101,41.274268
2102,40.131079
2103,38.675429
2104,44.860771
2105,38.76932
2106,48.111047
2107,31.777143
2108,40.075712
2109,41.369862
2110,36.365465
2111,40.3654533
2112,39.968565
2113,43.837079
2114,33.563536
2115,40.6193806
2116,41.86174
2117,41.976115
2118,39.977484
2119,42.982385
2120,41.028956
2121,34.02128
2122,38.494602
2123,41.748743
2124,39.86797
2125,37.14414
2126,44.441633
2127,41.9762291
2128,41.468524
2129,42.464755
2130,33.855292
2131,40.832622
2132,42.096281
2133,40.286715
2134,41.281365
2135,39.39644
2136,43.237252
2137,29.442669
2138,26.614759
2139,43.202357
2140,44.292071
2141,33.8363
2142,46.31502
2143,38.407103
2144,42.96419
2145,33.241115
2146,35.73682
2147,39.148777
2148,46.678925
2149,33.679795
2150,39.2817202
2151,40.714538
2152,32.822626
2153,33.998396
2154,29.8539052
2155,36.334769
2156,48.23175
2157,41.5857963
2158,38.74376
2159,40.986535
2160,42.447466
2161,39.648492
2162,42.355284
2163,41.34617
2164,34.712007
2165,46.601509
2166,42.7854
2167,37.230004
2168,44.779317
2169,38.553228
2170,45.276821
2171,39.528973
2172,40.254215
2173,43.022948
2174,41.621692
2175,36.811301
2176,42.052037
2177,39.190013
2178,37.400846
2179,41.919366
2180,40.341812
2181,41.4706
2182,41.663336
2183,41.008938
2184,43.021424
2185,40.863036
2186,34.029257
2187,42.897885
2188,39.406212
2189,39.701098
2190,40.527484
2191,32.651877
2192,34.102622
2193,41.605477
2194,40.447309
2195,34.383447
2196,37.631137
2197,40.545722
2198,33.236372
2199,41.25258
2200,40.898979
2201,39.34542
2202,21.982346
2203,37.30072
2204,36.03112
2205,21.391385
2206,44.931509
2207,41.417864
2208,47.624868
2209,43.800259
2210,40.603414
2211,48.2888983
2212,35.140734
2213,19.646268
2214,41.1658118
2215,47.516653
2216,42.588593
2217,43.333921
2218,42.346455
2219,34.882808
2220,44.841719
2221,40.029557
2222,34.525592
2223,43.1110577
2224,37.013618
2225,44.728126
2226,40.167206
2227,41.955507
2228,42.2361802
2229,40.456955
2230,32.7205295
2231,41.575669
2232,42.212559
2233,42.983145
2234,42.643433
2235,45.570271
2236,45.064045
2237,41.883457
2238,39.19882
2239,40.870859
2240,41.125512
2241,45.8174186
2242,41.508862
2243,40.98995
2244,41.933426
2245,33.9333
2246,47.301493
2247,41.37055
2248,41.752742
2249,42.745784
2250,41.477509
2251,28.2836888
2252,40.440901
2253,43.454475
2254,27.297469
2255,35.3331
2256,35.405502
2257,36.027632
2258,42.237645
2259,27.925393
2260,32.605196
2261,34.134035
2262,39.347821
2263,43.101949
2264,40.840864
2265,47.161109
2266,39.2828
2267,29.514823
2268,26.489084
2269,42.743219
2270,26.4258162
2271,35.801756
2272,42.955774
2273,45.350211
2274,38.727231
2275,38.704034
2276,45.40009
2277,45.84738
2278,43.856814
2279,38.692651
2280,40.138708
2281,39.983447
2282,32.910853
2283,35.245796
2284,38.023282
2285,39.95167
2286,40.729465
2287,39.2854
2288,39.3965368
2289,45.807363
2290,38.697339
2291,38.470886
2292,29.8171691
2293,39.4258
2294,35.36151
2295,43.47335
2296,32.931981
2297,43.078461
2298,39.189841
2299,40.291173
2300,40.448486
2301,44.810716
2302,39.128256
2303,43.087643
2304,35.104694
2305,48.801663
2306,47.52661
2307,38.5961282
2308,39.475754
2309,36.717758
2310,38.661045
2311,27.292104
2312,33.143498
2313,33.3788255
2314,38.36144
2315,38.459951
2316,40.073985
2317,36.067591
2318,46.119315
2319,19.700194
2320,33.652864
2321,39.4013763
2322,32.741663
2323,33.431942
2324,46.033222
2325,41.5572964
2326,43.235375
2327,36.020391
2328,40.7878265
2329,26.756423
2330,37.321668
2331,33.87734
2332,48.307779
2333,39.035564
2334,34.588891
2335,40.201449
2336,42.914414
2337,33.181302
2338,33.767668
2339,40.674234
2340,36.197033
2341,28.495732
2342,40.816326
2343,40.282491
2344,45.668667
2345,29.573505
2346,41.972503
2347,41.156052
2348,34.919981
2349,45.889663
2350,40.384789
2351,43.592826
2352,33.637216
2353,38.072685
2354,34.538663
2355,47.472133
2356,40.194754
2357,33.737285
2358,44.023831
2359,39.768085
2360,38.283996
2361,45.7524691
2362,33.9135102
2363,33.478722
2364,34.2776293
2365,33.455717
2366,41.116694
2367,41.310524
2368,42.526467
2369,36.794051
2370,43.60535
2371,30.387078
2372,31.178814
2373,40.727479
2374,36.228605
2375,44.090731
2376,40.583976
2377,41.188708
2378,47.666892
2379,41.034183
2380,45.0739
2381,40.900025
2382,41.547802
2383,33.8280351
2384,37.6589268
2385,41.315535
2386,41.666909
2387,47.741455
2388,39.367014
2389,45.6239
2390,45.491296
2391,38.528764
2392,33.459141
2393,35.1289517
2394,39.653574
2395,38.339359
2396,42.538338
2397,39.334287
2398,42.621319
2399,42.0679412
2400,38.565342
2401,38.662488
2402,37.461433
2403,39.300311
2404,34.222633
2405,42.88148
2406,35.386354
2407,40.873613
2408,39.110636
2409,40.189328
2410,35.072895
2411,47.321787
2412,42.8270741
2413,39.47064
2414,34.988378
2415,43.037822
2416,40.6284856
2417,33.855743
2418,40.695901
2419,41.2013398
2420,40.387242
2421,42.910469
2422,34.976507
2423,45.515722
2424,36.2367313
2425,36.022978
2426,26.005779
2427,47.848617
2428,48.0789466
2429,38.411369
2430,41.348945
2431,48.441695
2432,38.665861
2433,41.069708
2434,29.564468
2435,38.635584
2436,46.403585
2437,38.821547
2438,47.6843052
2439,40.623175
2440,33.830338
2441,31.755778
2442,37.860092
2443,40.41759
2444,38.7940705
2445,40.810114
2446,30.880763
2447,40.953301
2448,43.661521
2449,42.647805
2450,42.5595619
2451,30.324465
2452,32.982646
2453,37.979363
2454,28.068243
2455,34.282111
2456,40.127905
2457,42.107667
2458,31.615935
2459,42.36642
2460,33.566489
2461,40.554659
2462,44.426709
2463,33.700181
2464,38.388444
2465,41.316942
2466,43.5668817
2467,44.946338
2468,40.553855
2469,44.734376
2470,37.060797
2471,43.433738
2472,38.868883
2473,37.3294193
2474,37.714599
2475,32.920578
2476,35.12473
2477,42.4943905
2478,40.083269
2479,36.015446
2480,40.546574
2481,34.198144
2482,36.723832
2483,43.720249
2484,42.570503
2485,37.767378
2486,43.395589
2487,33.303752
2488,40.475399
2489,30.308225
2490,40.927754
2491,42.694387
2492,32.793803
2493,39.88936
2494,33.289278
2495,30.1211321
2496,38.086806
2497,41.415526
2498,41.7150018
2499,41.72195
2500,41.727519
2501,44.2161046
2502,42.354638
2503,44.304654
2504,36.3342
2505,34.944079
2506,39.656581
2507,36.372286
2508,32.275089
2509,36.778967
2510,42.634814
2511,34.683846
2512,38.319427
2513,28.529979
2514,38.563071
2515,39.084767
2516,42.792319
2517,34.321869
2518,34.155229
2519,42.660563
2520,37.96348
2521,37.0611436
2522,35.819671
2523,36.669841
2524,33.480162
2525,57.811914
2526,29.8954086
2527,55.375474
2528,33.702814
2529,33.638953
2530,31.308424
2531,30.456509
2532,43.125152
2533,29.676877
2534,41.946689
2535,41.697557
2536,32.467307
2537,64.856378
2538,33.745493
2539,40.16509
2540,29.693435
2541,39.939048
2542,40.586243
2543,39.818476
2544,25.4576229
2545,35.883283
2546,34.2801955
2547,32.472626
2548,35.226725
2549,28.155373
2550,38.499441
2551,36.354297
2552,33.720124
2553,30.886011
2554,36.173364
2555,34.83526
2556,35.364078
2557,41.7192533
2558,30.267427
2559,36.089556
2560,39.656168
2561,35.871161
2562,39.804518
2563,33.107622
2564,35.878349
2565,32.350704
2566,39.446006
2567,31.559638
2568,43.768968
2569,37.152359
2570,26.1832411
2571,37.065436
2572,26.074583
2573,41.647019
2574,33.624679
2575,33.449105
2576,29.507595
2577,33.380445
2578,34.859781
2579,40.7479
2580,33.942955
2581,33.0405288
2582,40.123497
2583,33.000049
2584,43.1366956
2585,43.548914
2586,33.642779
2587,43.631125
2588,38.069978
2589,40.303688
2590,43.015934
2591,39.766292
2592,38.702618
2593,39.887629
2594,39.859194
2595,38.256797
2596,36.110139
2597,26.529016
2598,39.37385
2599,28.043587
2600,38.772247
2601,37.755204
2602,42.128106
2603,31.583836
2604,35.526356
2605,35.0525795
2606,37.431919
2607,38.433418
2608,36.7073486
2609,38.797766
2610,38.998038
2611,43.986706
2612,44.686521
2613,33.934232
2614,42.053598
2615,42.014975
2616,41.574788
2617,41.569186
2618,35.665621
2619,40.772792
2620,43.636684
2621,30.476454
2622,37.531971
2623,40.447889
2624,39.21578
2625,41.697598
2626,33.698811
2627,42.983582
2628,39.863664
2629,42.694054
2630,25.858519
2631,39.358593
2632,32.311011
2633,29.518152
2634,37.196415
2635,35.59474
2636,36.060452
2637,39.977436
2638,33.846009
2639,28.962586
2640,31.193456
2641,35.732122
2642,42.846925
2643,41.155655
2644,39.010434
2645,34.965043
2646,39.926686
2647,39.636036
2648,41.583495
2649,38.550627
2650,39.012076
2651,32.411345
2652,39.250489
2653,39.014136
2654,32.143954
2655,43.133781
2656,43.618101
2657,43.66992
2658,29.500938
2659,42.72877
2660,42.765823
2661,42.738214
2662,47.69912
2663,42.225518
2664,33.717465
2665,35.654025
2666,42.84173
2667,40.007816
2668,42.544286
2669,35.582485
2670,36.044977
2671,35.364395
2672,28.3438221
2673,45.126054
2674,35.538043
2675,33.097285
2676,36.271563
2677,33.985005
2678,41.5110908
2679,33.6325865
2680,32.882928
2681,40.322978
2682,41.8186521
2683,31.856501
2684,39.513909
2685,37.222679
2686,39.422278
2687,41.810565
2688,41.679131
2689,42.341605
2690,42.6228533
2691,42.0980861
2692,42.300898
2693,41.113316
2694,25.926748
2695,40.92474
2696,41.934047
2697,35.357235
2698,40.899615
2699,41.296828
2700,41.623078
2701,43.29137
2702,42.2537711
2703,40.765473
2704,40.903048
2705,29.904678
2706,40.726907
2707,33.119662
2708,30.098928
2709,40.800592
2710,41.269567
2711,32.5249911
2712,32.344184
2713,35.110211
2714,38.309011
2715,33.055436
2716,45.541121
2717,45.82902
2718,33.033723
2719,34.980094
2720,26.208986
2721,35.90005
2722,38.3283334
2723,47.397667
2724,41.304907
2725,43.1222318
2726,39.601791
2727,37.359532
2728,32.514938
2729,32.219905
2730,29.012008
2731,34.093816
2732,30.178017
2733,39.979913
2734,33.940766
2735,45.686816
2736,34.692518
2737,26.119082
2738,34.556809
2739,41.754383
2740,41.159154
2741,33.552575
2742,38.885051
2743,42.5081981
2744,46.825569
2745,26.22791
2746,41.547297
2747,41.663123
2748,44.241019
2749,41.052608
2750,42.491861
2751,39.035413
2752,38.658921
2753,26.304308
2754,32.932529
2755,33.013849
2756,32.864742
2757,32.636656
2758,32.813102
2759,32.875115
2760,32.645794
2761,32.895003
2762,32.893352
2763,34.595819
2764,34.746325
2765,26.066616
2766,44.177492
2767,36.8391419
2768,37.511302
2769,43.684941
2770,30.522555
2771,42.155559
2772,29.61355
2773,33.087013
2774,32.995084
2775,36.073259
2776,34.047122
2777,41.8308636
2778,26.529275
2779,33.755828
2780,32.6837453
2781,32.759929
2782,38.768632
2783,35.772996
2784,39.854942
2785,38.004164
2786,37.291593
2787,37.313558
2788,33.727992
2789,38.957531
2790,30.4720776
2791,32.71078
2792,32.913081
2793,39.736967
2794,27.839946
2795,37.664584
2796,37.515657
2797,32.19303
2798,45.647696
2799,47.914407
2800,45.454914
2801,29.8014834
2802,29.559137
2803,29.458639
2804,36.165325
2805,37.203416
2806,32.595986
2807,32.876707
2808,38.58034
2809,33.94189
2810,33.98091
2811,33.894961
2812,27.366727
2813,33.852976
2814,33.88378
2815,30.18743
2816,38.818625
2817,33.922428
2818,40.4588509
2819,38.80758
2820,38.482677
2821,38.843099
2822,45.550514
2823,34.174418
2824,33.845619
2825,43.588905
2826,43.6343486
2827,47.608956
2828,33.833236
2829,37.660652
2830,29.338511
2831,38.784013
2832,26.302947
2833,45.572118
2834,29.668746
2835,41.7563217
2836,29.465014
2837,37.134096
2838,33.1300697
2839,42.47213
2840,37.3900085
2841,30.217825
2842,33.792235
2843,39.625265
2844,34.122765
2845,39.786271
2846,39.690304
2847,34.0471887
2848,31.679967
2849,35.963016
2850,35.370037
2851,35.353387
2852,35.411874
2853,35.434523
2854,32.219825
2855,32.704578
2856,32.338897
2857,44.586907
2858,21.30976
2859,34.0885722
2860,34.2757157
2861,41.302011
2862,45.410458
2863,41.279969
2864,45.636374
2865,41.280951
2866,41.191854
2867,41.116275
2868,37.532798
2869,37.036737
2870,27.7572296
2871,26.00765
2872,37.0616686
2873,36.373539
2874,40.8626458
2875,41.808846
2876,30.3475451
2877,30.349546
2878,28.511893
2879,30.005604
2880,35.094647
2881,41.211811
2882,38.8926905
2883,41.1776561
2884,38.8575837
2885,33.954813
2886,45.492782
2887,34.1862017
2888,35.8586129
2889,40.521308
2890,34.750358
2891,33.799259
2892,34.868945
2893,33.393005
2894,28.0903026
2895,33.018007
2896,34.7887904
2897,25.4840483
2898,42.199521
2899,33.032518
2900,33.432882
2901,33.7745093
2902,35.4150524
2903,40.728865
2904,32.5882987
2905,40.157326
2906,45.30054
2907,28.802576
2908,39.83948
2909,39.395087
2910,30.209884
2911,36.758868
2912,36.882986
2913,39.6458746
2914,46.824185
2915,37.345574
2916,37.063426
2917,47.073972
2918,32.842368
2919,32.910725
2920,34.705681
2921,40.399049
2922,29.784042
2923,39.0671
2924,34.624206
2925,35.220709
2926,42.3807218
2927,34.1634062
2928,47.4966
2929,40.611451
2930,36.396561
2931,25.928265
2932,43.54115
2933,40.243675
2934,40.782333
2935,37.1793705
2936,44.057259
2937,33.65067
2938,46.018066
2939,37.325497
2940,33.914719
2941,41.350167
2942,42.630718
2943,39.852029
2944,41.87676
2945,39.522633
2946,39.535505
2947,44.0459
2948,40.048819
2949,46.255963
2950,39.989348
2951,37.119381
2952,46.883599
2953,40.253991
2954,44.538526
2955,41.23153
2956,47.30449
2957,45.163307
2958,36.956267
2959,33.146252
2960,32.906238
2961,35.639668
2962,34.165511
2963,38.842433
2964,40.736437
2965,29.400481
2966,43.1942812
2967,42.159486
2968,39.422876
2969,39.538335
2970,37.724703
2971,32.597465
2972,33.072889
2973,32.666757
2974,33.127829
2975,20.87826
2976,30.541743
2977,40.881852
2978,40.6870876
2979,29.919899
2980,36.3893179
2981,41.586203
2982,38.142543
2983,35.991653
2984,29.534829
2985,36.743929
2986,40.561577
2987,29.679267
2988,41.845607
2989,36.3834062
2990,36.420034
2991,37.27783
2992,30.216862
2993,30.105744
2994,30.279227
2995,39.590559
2996,29.733259
2997,25.952899
2998,35.180495
2999,33.656074
3000,31.0699848
3001,28.869772
3002,33.539296
3003,26.260654
3004,43.179969
3005,43.087812
3006,43.792503
3007,35.332949
3008,44.661593
3009,34.173882
3010,43.323635
3011,36.7094822
3012,39.021114
3013,44.845175
3014,39.4895
3015,42.135539
3016,34.921112
3017,36.131823
3018,32.800647
3019,26.795173
3020,39.015221
3021,27.9768421
3022,27.02493
3023,38.049823
3024,39.193917
3025,36.040504
3026,36.108534
3027,36.05499
3028,32.25197
3029,36.156162
3030,35.005992
3031,44.897067
3032,33.281575
3033,36.668028
3034,37.757179
3035,40.919007
3036,27.523773
3037,32.87759
3038,36.277766
3039,32.132874
3040,27.912974
3041,35.226419
3042,46.272
3043,32.426075
3044,32.453775
3045,38.336412
3046,35.054712
3047,33.7797315
3048,34.839808
3049,35.170127
3050,27.034649
3051,33.936752
3052,33.807876
3053,32.843458
3054,29.6040327
3055,41.401589
3056,30.189946
3057,25.935725
3058,41.703624
3059,33.507466
3060,33.935634
3061,45.021718
3062,33.586866
3063,40.885365
3064,32.95882
3065,33.436922
3066,42.251179
3067,35.0545697
3068,39.18721
3069,40.555853
3070,28.0600454
3071,28.234793
3072,26.057251
3073,32.703367
3074,28.147248
3075,39.8442693
3076,40.743299
3077,35.619675
3078,33.382356
3079,29.630807
3080,36.7318789
3081,32.847687
3082,35.495778
3083,32.592876
3084,32.534396
3085,42.297594
3086,32.755959
3087,35.097961
3088,41.626331
3089,30.412221
3090,33.584413
3091,40.992839
3092,41.6165048
3093,31.073296
3094,41.882182
3095,29.844264
3096,31.108043
3097,42.868442
3098,37.979871
3099,41.484022
3100,34.983867
3101,39.633976
3102,40.796213
3103,43.409163
3104,33.401226
3105,40.4897474
3106,36.118189
3107,34.03644
3108,27.940627
3109,33.51025
3110,40.612665
3111,33.995325
3112,27.495888
3113,34.028451
3114,47.713801
3115,36.156329
3116,42.325448
3117,40.12739
3118,21.294726
3119,33.829326
3120,36.313274
3121,36.900374
3122,30.360589
3123,33.004295
3124,29.584607
3125,34.863923
3126,39.3355905
3127,42.673076
3128,39.1557389
3129,42.703441
3130,37.676375
3131,37.996909
3132,39.3373245
3133,42.743122
3134,39.336616
3135,36.509439
3136,33.135681
3137,45.1599696
3138,43.751727
3139,29.806025
3140,40.153132
3141,42.987657
3142,35.855633
3143,35.752637
3144,43.584915
3145,36.033353
3146,29.687403
3147,29.545992
3148,39.388167
3149,47.749048
3150,35.129841
3151,29.981305
3152,39.227839
3153,41.978433
3154,44.77931
3155,27.518352
3156,35.239523
3157,40.793
3158,34.413887
3159,32.804338
3160,34.071943
3161,27.315215
3162,33.655615
3163,47.105989
3164,28.537096
3165,30.8456051
3166,39.858339
3167,32.631012
3168,32.931345
3169,47.060493
3170,44.563101
3171,43.027448
3172,39.769707
3173,28.233106
3174,47.193924
3175,41.407877
3176,29.657006
3177,41.096203
3178,41.551962
3179,42.924172
3180,41.287176
3181,41.3737
3182,41.56332
3183,41.686277
3184,39.861153
3185,41.560796
3186,40.158484
3187,40.672452
3188,40.145313
3189,40.8922201
3190,39.651773
3191,26.125271
3192,40.702147
3193,33.545794
3194,30.41371
3195,39.488698
3196,33.113843
3197,40.085707
3198,38.752905
3199,29.558144
3200,42.608957
3201,39.891437
3202,29.723052
3203,38.854486
3204,30.114503
3205,30.069345
3206,40.740886
3207,42.531771
3208,34.961086
3209,38.802655
3210,30.3844023
3211,34.817298
3212,42.238256
3213,32.708505
3214,40.809705
3215,38.581143
3216,35.040391
3217,35.024684
3218,35.227897
3219,41.648217
3220,33.4871959
3221,39.744855
3222,37.3654387
3223,43.234153
3224,28.897926
3225,37.322584
3226,33.636377
3227,38.171432
3228,41.804645
3229,36.091156
3230,35.494647
3231,30.729012
3232,37.272951
3233,28.536191
3234,33.867392
3235,35.115368
3236,40.505171
3237,33.888542
3238,36.027268
3239,26.162388
3240,45.284181
3241,37.322134
3242,27.453311
3243,42.033289
3244,29.142239
3245,34.231419
3246,34.757584
3247,32.5770666
3248,43.418184
3249,39.7427258
3250,35.5091166
3251,40.836824
3252,34.9547985
3253,38.935887
3254,39.920876
3255,34.174603
3256,32.970025
3257,45.15337
3258,36.653773
3259,31.974854
3260,29.788756
3261,34.258121
3262,32.5377974
3263,36.332473
3264,46.857733
3265,36.220597
3266,39.296846
3267,36.109195
3268,35.015665
3269,31.742491
3270,35.07882
3271,35.094449
3272,30.477426
3273,35.210528
3274,46.934748
3275,30.020403
3276,38.24262
3277,38.689487
3278,33.719115
3279,33.757277
3280,36.08246
3281,39.248504
3282,41.097718
3283,33.482413
3284,32.978876
3285,42.056567
3286,36.198695
3287,42.938685
3288,38.58732
3289,31.270914
3290,35.3200531
3291,35.242941
3292,36.201086
3293,39.584388
3294,34.592452
3295,35.046249
3296,31.331719
3297,42.791693
3298,40.646984
3299,43.602905
3300,33.72837
3301,39.640148
3302,40.157541
3303,32.399649
3304,45.929074
3305,34.048696
3306,32.526989
3307,39.249276
3308,32.519587
3309,33.176395
3310,32.590144
3311,48.150446
3312,47.842459
3313,44.328703
3314,32.55969
3315,48.11233
3316,31.8050809
3317,47.791576
3318,32.474668
3319,41.558358
3320,37.143352
3321,40.153235
3322,33.39053
3323,32.765568
3324,36.725109
3325,36.638695
3326,33.179665
3327,33.803041
3328,39.662379
3329,39.838107
3330,39.498449
3331,42.816882
3332,28.473857
3333,39.566297
3334,39.84597
3335,30.395694
3336,36.160236
3337,41.232123
3338,41.9417563
3339,40.814107
3340,34.082664
3341,33.380761
3342,39.740608
3343,47.292601
3344,48.055649
3345,39.3659953
3346,39.446328
3347,41.270691
3348,38.9705322
3349,41.5922214
3350,34.078384
3351,31.968821
3352,40.410725
3353,40.834615
3354,43.681934
3355,40.848885
3356,28.537074
3357,39.825294
3358,36.308937
3359,34.914088
3360,39.603504
3361,29.690083
3362,33.590452
3363,33.38506
3364,40.067134
3365,36.829361
3366,35.080997
3367,40.564139
3368,42.453894
3369,41.055741
3370,43.066512
3371,38.874403
3372,33.449316
3373,41.090461
3374,36.805056
3375,40.364711
3376,33.5802237
3377,43.042561
3378,33.5647729
3379,46.994468
3380,44.332969
3381,36.188269
3382,26.348262
3383,41.147472
3384,33.319619
3385,29.248897
3386,44.03392
3387,34.751438
3388,32.659469
3389,37.604066
3390,34.3549547
3391,39.940379
3392,32.48368
3393,46.283855
3394,37.693228
3395,43.192887
3396,21.3419649
3397,32.2236403
3398,29.663923
3399,26.267713
3400,37.603268
3401,27.608819
3402,29.43371
3403,35.714892
3404,37.416576
3405,42.345046
3406,33.008051
3407,42.466596
3408,38.037703
3409,25.520739
3410,42.590599
3411,33.680298
3412,32.637851
3413,40.098894
3414,32.896593
3415,30.323437
3416,32.389466
3417,39.8533714
3418,39.695578
3419,29.536019
3420,41.507494
3421,37.082834
3422,29.547492
3423,33.414323
3424,35.976279
3425,26.491939
3426,40.123779
3427,33.86142
3428,40.262883
3429,36.842772
3430,31.861894
3431,34.295996
3432,36.1961316
3433,25.9524
3434,33.159879
3435,29.133441
3436,29.357791
3437,32.555284
3438,29.573864
3439,38.680872
3440,37.999851
3441,33.924644
3442,29.4874815
3443,30.010137
3444,47.24002
3445,30.443733
3446,33.7749668
3447,25.76493
3448,41.262573
3449,41.290899
3450,27.893098
3451,35.818159
3452,28.498012
3453,34.9437665
3454,33.466742
3455,35.282606
3456,44.949783
3457,40.373738
3458,28.341764
3459,35.2007199
3460,35.786413
3461,29.555832
3462,30.535617
3463,35.5834128
3464,28.527849
3465,35.06565
3466,32.797303
3467,32.7819626
3468,35.950968
3469,32.5696796
3470,33.790787
3471,37.31621
3472,44.070166
3473,33.043715
3474,45.365936
3475,43.5664486
3476,30.6319927
3477,40.726434
3478,34.817941
3479,34.1001327
3480,33.279523
3481,37.602992
3482,28.815906
3483,34.8430048
3484,32.31143
3485,28.604364
3486,38.8528875
3487,32.538557
3488,35.495974
3489,39.673462
3490,35.070864
3491,40.719943
3492,35.005729
3493,38.747165
3494,30.7171309
3495,28.612495
3496,40.6580423
3497,39.19596
3498,32.908686
3499,33.622677
3500,33.493626
3501,45.522178
3502,30.086635
3503,36.792315
3504,35.727427
3505,35.71475
3506,35.386379
3507,33.713791
3508,41.176255
3509,33.596146
3510,39.43878
3511,41.014001
3512,35.0107763
3513,36.70562
3514,39.615403
3515,43.174903
3516,36.113979
3517,33.076904
3518,35.867367
3519,35.199628
3520,46.925379
3521,48.554783
3522,46.453235
3523,47.544773
3524,45.720665
3525,42.016177
3526,41.350947
3527,28.930175
3528,27.262039
3529,32.350839
3530,38.369344
3531,43.6878184
3532,39.407965
3533,41.712169
3534,34.209879
3535,33.609159
3536,35.45178
3537,41.3954756
3538,45.457347
3539,38.4411319
3540,32.485326
3541,32.522769
3542,39.722231
3543,41.720324
3544,38.2021331
3545,41.461581
3546,39.91673
3547,33.376046
3548,25.843304
3549,38.67938
3550,31.292001
3551,32.493877
3552,40.640458
3553,33.30784
3554,29.93649
3555,33.347786
3556,41.080522
3557,33.5162977
3558,28.43987
3559,37.784405
3560,35.703335
3561,33.610608
3562,38.939301
3563,32.668092
3564,36.267622
3565,32.507315
3566,34.424199
3567,33.1526603
3568,30.522315
3569,40.370349
3570,37.727119
3571,26.207268
3572,34.473964
3573,46.8014852
3574,30.477863
3575,28.389851
3576,33.449831
3577,61.211988
3578,39.611301
3579,31.861038
3580,41.244171
3581,29.118589
3582,36.065063
3583,33.470149
3584,36.152784
3585,39.486923
3586,33.420154
3587,40.511514
3588,36.389152
3589,34.028461
3590,37.685542
3591,26.242174
3592,36.670219
3593,42.233355
3594,42.33137
3595,45.1210736
3596,44.140637
3597,38.071412
3598,36.406535
3599,38.649823
3600,34.509447
3601,47.645728
3602,41.686708
3603,47.704135
3604,43.319893
3605,35.781341
3606,45.667525
3607,32.354805
3608,40.149635
3609,32.861746
3610,34.013127
3611,41.81566
3612,37.966733
3613,35.954962
3614,31.728537
3615,39.642195
3616,32.552444
3617,29.913136
3618,39.542837
3619,33.917546
3620,32.506142
3621,28.549978
3622,42.508624
3623,33.039071
3624,30.488822
3625,35.513384
3626,35.577764
3627,40.389557
3628,34.150322
3629,29.087437
3630,35.680662
3631,42.206278
3632,34.127358
3633,26.650413
3634,34.696807
3635,34.54509
3636,26.762254
3637,30.179113
3638,38.247053
3639,34.9118144
3640,36.24439
3641,33.251461
3642,35.969754
3643,39.854824
3644,33.123379
3645,34.638867
3646,35.636674
3647,29.94238
3648,29.75862
3649,36.582398
3650,38.102517
3651,37.143961
3652,60.564195
3653,32.293147
3654,41.789772
3655,33.694644
3656,34.831972
3657,38.886238
3658,29.652058
3659,37.400835
3660,36.4731507
3661,35.148251
3662,36.178935
3663,39.083457
3664,32.147489
3665,43.632192
3666,33.460574
3667,37.063916
3668,35.994404
3669,35.869744
3670,41.550296
3671,33.561222
3672,36.693096
3673,26.288225
3674,35.831571
3675,34.1380983
3676,37.550407
3677,26.24663
3678,32.707266
3679,40.0262886
3680,32.678149
3681,33.46784
3682,31.613341
3683,41.494392
3684,29.818473
3685,39.083847
3686,36.05757
3687,31.851129
3688,30.460721
3689,33.910686
3690,34.762529
3691,31.796834
3692,41.5147816
3693,38.157362
3694,29.829851
3695,31.220298
3696,41.607286
3697,31.983726
3698,29.860653
3699,42.648099
3700,35.225945
3701,35.752502
3702,27.633436
3703,39.044826
3704,30.355509
3705,36.0979902
3706,31.980865
3707,33.577117
3708,26.710328
3709,34.157361
3710,26.035061
3711,35.431567
3712,28.863843
3713,39.931149
3714,41.7424997
3715,41.526046
3716,48.8185472
3717,35.37866
3718,32.523156
3719,35.3033487
3720,30.403135
3721,30.443181
3722,30.639038
3723,33.428559
3724,36.321458
3725,28.571318
3726,36.6346024
3727,34.861739
3728,26.1493531
3729,38.856651
3730,34.979292
3731,43.0559644
3732,35.401024
3733,41.143376
3734,40.52654
3735,32.205776
3736,32.282537
3737,36.5492805
3738,32.360252
3739,41.023232
3740,38.004763
3741,39.260643
3742,39.025086
3743,35.983849
3744,34.579087
3745,29.4990441
3746,26.216072
3747,40.564127
3748,37.021923
3749,34.254593
3750,37.987001
3751,39.017913
3752,33.233185
3753,37.045555
3754,36.169769
3755,36.0667429
3756,37.36605
3757,41.692659
3758,38.235827
3759,39.360377
3760,42.151522
3761,30.6780881
3762,40.658211
3763,36.076136
3764,30.641564
3765,30.395741
3766,42.626106
3767,33.777583
3768,27.9870445
3769,27.834467
3770,41.1262776
3771,35.042646
3772,32.630388
3773,35.103046
3774,31.611404
3775,42.926573
3776,37.172653
3777,30.561997
3778,37.97744
3779,27.8912188
3780,32.402505
3781,40.083475
3782,36.337252
3783,30.3519322
3784,40.416575
3785,27.772752
3786,32.340452
3787,35.197986
3788,40.515671
3789,37.410677
3790,40.493779
3791,38.964652
3792,41.151649
3793,40.367453
3794,40.6949205
3795,39.800682
3796,34.995904
3797,46.997056
3798,39.8916783
3799,34.001124
3800,33.212574
3801,38.675699
3802,26.043145
3803,47.5229841
3804,35.090526
3805,43.603247
3806,30.271548
3807,37.261885
3808,33.745448
3809,38.350599
3810,40.234176
3811,33.6562283
3812,36.028815
3813,36.038628
3814,32.835963
3815,29.92518
3816,32.6747692
3817,41.128329
3818,41.60974
3819,41.674558
3820,42.882479
3821,41.639628
3822,33.84467
3823,26.610823
3824,40.260936
3825,27.9334039
3826,32.356336
3827,28.0617993
3828,30.619619
3829,39.102742
3830,41.653333
3831,40.38679
3832,35.022153
3833,35.6618
3834,30.014156
3835,42.435085
3836,39.8920839
3837,47.167646
3838,42.513919
3839,39.608122
3840,30.330422
3841,40.422824
3842,30.317168
3843,26.148953
3844,36.859343
3845,36.060947
3846,35.831443
3847,42.155217
3848,32.624746
3849,41.466259
3850,42.33185
3851,42.293094
3852,36.0940504
3853,35.138917
3854,33.856992
3855,34.632451
3856,33.177006
3857,47.361081
3858,44.774335
3859,40.9070884
3860,32.847239
3861,29.934138
3862,46.583014
3863,30.33568
3864,41.518852
3865,41.382354
3866,33.82968
3867,40.058354
3868,35.255416
3869,44.816501
3870,44.43273
3871,33.000502
3872,36.099325
3873,29.975911
3874,29.674438
3875,33.798218
3876,41.739791
3877,43.48974
3878,30.649576
3879,29.91345
3880,36.214972
3881,40.031675
3882,33.637368
3883,39.076252
3884,38.960135
3885,28.613388
3886,39.711341
3887,31.783243
3888,36.2639814
3889,40.670612
3890,40.526738
3891,33.6094159
3892,40.6379301
3893,41.557447
3894,29.666925
3895,35.91227
3896,36.042185
3897,35.06992
3898,38.942711
3899,33.551186
3900,34.162885
3901,30.508978
3902,38.942875
3903,43.766399
3904,40.0829049
3905,40.136561
3906,28.648609
3907,40.431344
3908,38.067831
3909,39.127225
3910,35.308793
3911,39.606306
3912,38.471927
3913,32.77773
3914,41.294744
3915,35.005441
3916,29.497881
3917,29.4878928
3918,37.799869
3919,40.225071
3920,29.5186849
3921,32.7625783
3922,35.866567
3923,38.621552
3924,39.037642
3925,32.288437
3926,34.221331
3927,33.925116
3928,40.630189
3929,44.253651
3930,34.050394
3931,34.188122
3932,42.249781
3933,33.9183185
3934,26.191058
3935,34.444031
3936,40.027675
3937,41.116752
3938,34.786712
3939,30.102035
3940,38.748331
3941,30.761862
3942,32.270558
3943,36.185896
3944,40.907569
3945,38.940733
3946,35.814212
3947,28.540478
3948,38.189687
3949,39.852214
3950,39.9269568
3951,33.304999
3952,32.745312
3953,33.496799
3954,38.704318
3955,35.187195
3956,33.935827
3957,33.7083498
3958,47.894532
3959,35.00496
3960,34.657289
3961,40.53197
3962,31.471371
3963,40.811786
3964,40.0736738
3965,42.46902
3966,32.479497
3967,39.908987
3968,41.099882
3969,41.1521
3970,33.025001
3971,38.96574
3972,33.156215
3973,28.330027
3974,35.743983
3975,35.2123619
3976,38.973408
3977,28.022623
3978,29.459765
3979,27.736252
3980,38.789177
3981,28.032076
3982,39.19579
3983,29.5744773
3984,40.0822209
3985,39.524841
3986,38.289653
3987,40.635717
3988,40.351079
3989,41.137418
3990,40.585335
3991,36.986766
3992,42.427633
3993,40.316345
3994,43.161056
3995,33.239706
3996,29.328572
3997,29.348167
3998,33.013832
3999,28.142528
4000,34.809468
4001,33.840982
4002,35.008324
4003,35.952496
4004,36.721028
4005,33.424031
4006,28.006403
4007,36.278895
4008,36.194611
4009,36.24055
4010,36.507892
4011,33.340851
4012,27.193124
4013,28.3406
4014,33.943652
4015,28.222798
4016,35.125443
4017,33.169989
4018,36.014609
4019,40.348491
4020,21.397174
4021,42.137766
4022,42.172343
4023,48.080129
4024,47.757032
4025,33.012086
4026,42.194834
4027,34.112862
4028,40.536097
4029,43.239688
4030,35.565024
4031,40.8339887
4032,32.649849
4033,30.077376
4034,33.943928
4035,41.238029
4036,29.416963
4037,40.660941
4038,35.8009119
4039,38.421895
4040,38.253729
4041,35.260797
4042,27.847235
4043,40.726881
4044,26.693816
4045,28.355155
4046,33.38032
4047,34.565612
4048,36.260369
4049,32.606887
4050,38.80882
4051,38.994557
4052,41.266577
4053,33.216703
4054,32.774685
4055,38.772401
4056,28.4281168
4057,32.882514
4058,35.4214437
4059,34.05649
4060,30.165078
4061,37.754389
4062,26.555041
4063,30.284709
4064,35.332783
4065,36.002186
4066,26.237516
4067,30.409498
4068,29.05658
4069,30.431024
4070,33.4204018
4071,33.869614
4072,33.526877
4073,39.761672
4074,33.452481
4075,32.962431
4076,36.003161
4077,36.839765
4078,40.488338
4079,32.829543
4080,32.681582
4081,39.395207
4082,38.237074
4083,39.938592
4084,38.722503
4085,36.066879
4086,26.450929
4087,32.370783
4088,40.669882
4089,30.064353
4090,39.9259055
4091,33.363017
4092,40.657293
4093,41.8636679
4094,40.442519
4095,40.062321
4096,32.904316
4097,41.633346
4098,36.145608
4099,33.4425589
4100,41.214831
4101,28.055291
4102,28.1712898
4103,33.673488
4104,33.459558
4105,44.914065
4106,44.883539
4107,34.722741
4108,40.205184
4109,37.958324
4110,39.767969
4111,44.27772
4112,40.0042345
4113,33.977727
4114,42.147708
4115,40.33898
4116,33.938563
4117,41.305318
4118,39.466738
4119,41.458739
4120,39.126518
4121,43.035562
4122,31.493496
4123,33.945801
4124,31.786216
4125,29.470187
4126,36.040217
4127,26.270825
4128,36.543418
4129,44.627025
4130,44.032852
4131,41.827442
4132,40.111637
4133,39.828107
4134,42.3130126
4135,39.7110384
4136,41.540572
4137,40.7940473
4138,39.856547
4139,42.94295
4140,39.85866
4141,38.128945
4142,38.199176
4143,28.341551
4144,32.750915
4145,34.822373
4146,38.778781
4147,30.889931
4148,36.196501
4149,41.911684
4150,42.4691915
4151,33.767907
4152,38.774005
4153,37.520242
4154,33.612439
4155,35.02609
4156,45.099222
4157,34.632394
4158,37.688248
4159,37.331034
4160,44.954886
4161,41.320072
4162,45.450517
4163,43.0145098
4164,39.093858
4165,41.949795
4166,33.384526
4167,46.470308
4168,42.122991
4169,39.699603
4170,40.7477247
4171,39.8939064
4172,29.536603
4173,41.935116
4174,26.578921
4175,39.610029
4176,38.002606
4177,39.733863
4178,26.649591
4179,27.8943892
4180,38.749201
4181,45.6695255
4182,45.61835
4183,27.996642
4184,43.325168
4185,29.774315
4186,36.236942
4187,39.87524
4188,36.206597
4189,40.490717
4190,40.6917441
4191,42.188782
4192,38.54105
4193,39.832615
4194,30.453633
4195,30.533879
4196,39.602599
4197,41.583497
4198,35.329535
4199,33.295546
4200,41.7218
4201,34.960433
4202,36.912636
4203,34.670137
4204,29.525407
4205,35.1068343
4206,43.492974
4207,34.0649845
4208,44.040509
4209,39.907201
4210,39.760843
4211,39.159269
4212,43.7736414
4213,33.6555402
4214,33.640786
4215,33.8483863
4216,33.928185
4217,33.900143
4218,34.2344724
4219,38.661335
4220,38.126511
4221,38.344678
4222,37.729313
4223,37.689975
4224,32.768129
4225,29.7162189
4226,32.882306
4227,25.881034
4228,36.11089
4229,27.891813
4230,41.9347406
4231,30.3654145
4232,32.923531
4233,45.0563683
4234,45.488794
4235,47.865754
4236,40.780681
4237,36.79259
4238,36.807126
4239,32.185694
4240,36.836316
4241,36.341376
4242,33.200034
4243,32.705735
4244,33.800975
4245,34.237006
4246,33.916159
4247,33.698789
4248,33.819473
4249,40.220279
4250,41.8505531
4251,30.269264
4252,41.934104
4253,33.03951
4254,34.9198793
4255,34.948143
4256,33.918651
4257,33.974237
4258,27.997309
4259,34.217292
4260,42.9277293
4261,42.947878
4262,27.959261
4263,43.018406
4264,33.088533
4265,25.49688
4266,32.9915989
4267,35.109522
4268,39.67762
4269,47.842328
4270,38.410207
4271,33.6569282
4272,32.7751045
4273,34.188222
4274,34.6141616
4275,34.108471
4276,37.189958
4277,37.137067
4278,32.326622
4279,36.732679
4280,43.025452
4281,33.504484
4282,34.751165
4283,27.252581
4284,33.588182
4285,34.748243
4286,33.358138
4287,42.718293
4288,27.610824
4289,37.694458
4290,33.228007
4291,32.473542
4292,34.647258
4293,32.916186
4294,32.265554
4295,29.861688
4296,38.371732
4297,37.978619
4298,27.436805
4299,42.115453
4300,36.562992
4301,33.481819
4302,36.164109
4303,30.669712
4304,36.076341
4305,28.511222
4306,30.563659
4307,35.608001
4308,34.756417
4309,35.121701
4310,35.25656
4311,36.705873
4312,41.685697
4313,40.866688
4314,37.275572
4315,36.918347
4316,27.94564
4317,42.268866
4318,26.621377
4319,40.563103
4320,39.981027
4321,37.149211
4322,26.587507
4323,32.967481
4324,31.231526
4325,33.39392
4326,30.531472
4327,38.780009
4328,29.623667
4329,30.001069
4330,30.434844
4331,41.799019
4332,28.891252
4333,41.7402659
4334,32.328121
4335,34.476216
4336,36.030222
4337,38.351997
4338,35.009675
4339,34.468587
4340,34.494271
4341,37.38233
4342,32.190893
4343,39.796823
4344,39.7783555
4345,33.910022
4346,35.248406
4347,47.930327
4348,26.271279
4349,31.578974
4350,32.6496506
4351,26.2874705
4352,34.877099
4353,33.551564
4354,34.185397
4355,30.318421
4356,30.353664
4357,33.882577
4358,30.185352
4359,30.11968
4360,30.101031
4361,32.862849
4362,36.3312667
4363,27.925454
4364,32.769394
4365,36.627419
4366,38.219917
4367,27.881763
4368,36.2955619
4369,30.372529
4370,42.367014
4371,36.276615
4372,42.20161
4373,33.796641
4374,43.650236
4375,37.462266
4376,30.517349
4377,28.306616
4378,42.430649
4379,35.580506
4380,46.153058
4381,38.391338
4382,37.514563
4383,40.11134
4384,32.084845
4385,38.923919
4386,37.695454
4387,35.604134
4388,35.462588
4389,33.147193
4390,40.659918
4391,46.734632
4392,28.474913
4393,33.827786
4394,28.382506
4395,28.020537
4396,30.37713
4397,39.938993
4398,38.849747
4399,47.6584886
4400,37.255456
4401,35.370978
4402,40.224885
4403,26.6309088
4404,32.862217
4405,33.069254
4406,37.340296
4407,39.999062
4408,28.617165
4409,27.679204
4410,42.482114
4411,45.595564
4412,32.46981
4413,32.468844
4414,35.862115
4415,26.492794
4416,39.884516
4417,33.683485
4418,25.570918
4419,38.8111037
4420,36.847074
4421,45.772387
4422,32.936903
4423,33.857602
4424,34.713602
4425,26.0053
4426,45.4316286
4427,47.572888
4428,38.900475
4429,31.829155
4430,32.586939
4431,25.866091
4432,38.9296
4433,34.073315
4434,36.296665
4435,39.779213
4436,31.654859
4437,29.7728201
4438,33.016016
4439,27.996875
4440,31.869188
4441,38.962066
4442,41.696631
4443,38.889104
4444,45.1797455
4445,44.781099
4446,38.6625991
4447,38.888601
4448,38.742435
4449,28.576341
4450,38.616999
4451,32.9648717
4452,37.721641
4453,37.638013
4454,44.6504
4455,45.386319
4456,28.428206
4457,33.130137
4458,33.034312
4459,26.236042
4460,45.535437
4461,26.142036
4462,30.399387
4463,30.436819
4464,36.117453
4465,42.04599
4466,30.532086
4467,39.0747105
4468,36.0877111
4469,32.9673153
4470,39.739322
4471,26.739973
4472,39.826783
4473,28.476743
4474,36.780597
4475,35.334147
4476,36.0208758
4477,36.1607901
4478,36.0862535
4479,31.083227
4480,30.4513993
4481,36.190606
4482,39.020302
4483,39.853829
4484,28.906876
4485,32.259965
4486,43.179211
4487,31.0554173
4488,32.185505
4489,32.3464
4490,39.699876
4491,33.573469
4492,33.3078755
4493,39.759267
4494,39.058207
4495,38.494354
4496,30.532744
4497,28.0496322
4498,36.845741
4499,33.57249
4500,30.298111
4501,30.212765
4502,39.0600431
4503,30.152304
4504,35.366608
4505,32.813637
4506,31.926211
4507,30.260779
4508,32.127124
4509,30.3021097
4510,30.91561
4511,26.256318
4512,36.863511
4513,36.264172
4514,31.79581
4515,36.08805
4516,35.176134
4517,36.0939626
4518,30.403829
4519,26.2143207
4520,32.983093
4521,35.802834
4522,35.002957
4523,34.198121
4524,27.0022316
4525,34.945898
4526,33.489339
4527,38.135649
4528,32.596094
4529,26.671878
4530,31.1146113
4531,38.476905
4532,38.63064
4533,38.707195
4534,36.0451176
4535,35.244075
4536,36.358876
4537,35.825481
4538,34.953135
4539,34.964734
4540,33.197584
4541,36.443317
4542,27.7906233
4543,34.9533761
4544,26.6185102
4545,36.1752349
4546,30.2073
4547,34.9080579
4548,35.316894
4549,33.678363
4550,36.014739
4551,40.5234
4552,33.347947
4553,37.305132
4554,35.243593
4555,38.612933
4556,36.79024
4557,37.544562
4558,29.7054279
4559,34.800804
4560,41.113603
4561,35.238287
4562,31.462226
4563,34.4479057
4564,40.509163
4565,38.405135
4566,37.4426233
4567,33.173623
4568,34.9583671
4569,34.267078
4570,34.775819
4571,32.407536
4572,34.285231
4573,35.898133
4574,35.8343351
4575,47.491452
4576,35.12535
4577,31.454226
4578,34.623515
4579,35.606905
4580,32.5907686
4581,27.069375
4582,31.133256
4583,31.811007
4584,35.559093
4585,32.5734336
4586,30.547722
4587,32.916843
4588,36.036758
4589,35.144689
4590,30.4439235
4591,31.5257909
4592,32.400301
4593,31.0379679
4594,32.629821
4595,37.091992
4596,34.765195
4597,42.162724
4598,38.261167
4599,33.083043
4600,35.173086
4601,34.204319
4602,38.337526
4603,29.262667
4604,30.4098482
4605,38.292096
4606,35.859104
4607,31.426738
4608,30.3192
4609,27.316246
4610,27.266726
4611,29.9780086
4612,35.193337
4613,31.408969
4614,29.74399
4615,27.444798
4616,35.75277
4617,35.719238
4618,35.225788
4619,32.712387
4620,35.365591
4621,34.820128
4622,34.808645
4623,35.567322
4624,33.455443
4625,35.3448733
4626,35.414242
4627,34.793292
4628,29.8979437
4629,35.1796193
4630,32.824755
4631,35.130745
4632,29.5563504
4633,36.357486
4634,40.691031
4635,32.963412
4636,40.649827
