1
2
3
4
5
6
7
8
9
10
11
12
13
14
16
17
18
20
21
22
23
24
25
26
27
28
29
30
31
32
33
34
35
36
37
39
40
42
43
44
45
46
47
48
49
50
51
52
53
54
55
56
57
59
60
61
62
63
64
65
66
67
69
70
71
72
73
74
75
76
77
78
79
80
81
82
83
84
85
86
87
88
89
90
91
92
93
94
95
96
97
98
99
100
101
102
103
104
105
106
107
108
109
112
114
115
116
117
118
119
122
123
124
125
126
127
128
129
130
131
133
135
136
137
138
139
140
141
142
143
144
146
147
148
149
150
151
154
155
156
157
158
159
160
162
163
164
166
168
169
170
172
173
174
175
176
177
178
179
181
182
183
184
186
187
188
189
190
191
192
193
194
195
196
197
198
200
201
202
203
204
205
206
207
208
209
210
211
212
213
214
215
216
217
218
220
221
222
223
224
228
231
232
233
234
235
236
237
238
239
240
241
242
243
244
245
246
247
248
249
250
251
252
253
254
255
256
257
259
260
261
262
263
264
265
266
268
269
270
273
274
275
277
278
279
280
281
282
283
284
285
287
288
291
292
293
295
296
298
299
300
301
303
304
306
308
311
312
313
314
315
316
317
319
320
322
324
325
326
327
328
329
331
332
335
336
337
338
339
340
341
342
343
344
345
346
347
348
349
350
351
352
353
354
355
356
358
359
360
362
364
365
366
367
368
369
370
371
372
373
375
376
377
378
379
380
382
383
384
385
386
387
389
392
393
394
395
398
399
400
402
403
405
406
407
408
409
410
411
414
415
416
417
418
420
421
422
424
425
426
427
429
431
434
435
437
438
439
440
441
442
443
444
445
446
448
450
451
453
454
457
458
459
464
465
466
467
468
469
470
472
473
474
475
476
477
480
481
482
483
484
485
486
487
488
489
490
491
492
493
494
495
496
497
498
500
501
502
503
504
505
507
508
509
511
512
513
514
515
516
517
518
519
520
523
524
525
528
529
530
531
532
533
534
536
537
538
541
542
543
544
545
547
548
549
550
551
552
553
554
556
557
558
559
560
561
562
563
564
565
566
568
569
570
571
572
573
574
578
579
580
581
582
583
584
585
588
589
590
591
592
593
595
596
599
600
601
602
603
604
605
606
608
609
611
613
614
615
618
619
621
622
623
624
625
626
628
629
630
631
632
633
634
635
636
637
638
639
640
641
642
643
644
645
646
647
648
649
650
651
652
654
655
656
657
658
660
661
663
664
665
668
669
670
671
672
674
675
676
677
679
680
681
682
683
685
686
687
688
689
690
692
693
694
695
696
698
699
700
701
702
703
704
706
708
709
711
712
713
715
716
718
719
720
722
724
726
728
729
730
731
732
733
734
735
736
737
739
740
741
742
743
745
746
749
750
751
752
755
756
757
759
760
761
762
763
764
765
767
768
769
770
771
772
773
774
775
776
777
779
780
781
783
786
787
790
791
794
796
797
803
805
808
810
811
813
814
815
816
817
818
819
821
822
823
824
825
826
827
828
830
831
832
833
834
837
840
842
843
844
845
846
847
848
850
851
852
855
856
857
859
860
861
862
863
864
865
866
868
869
870
873
875
876
877
878
879
880
882
884
885
886
887
889
890
891
892
893
894
895
897
898
899
900
901
902
903
904
905
907
908
909
912
913
914
915
919
920
921
922
923
924
925
926
927
928
929
930
931
933
934
935
936
937
939
940
942
943
944
946
947
948
949
950
951
953
956
957
959
960
961
962
963
964
965
966
968
969
971
972
973
974
975
976
977
978
980
981
982
983
985
986
987
988
989
991
992
993
994
995
996
997
998
1001
1002
1003
1004
1005
1007
1008
1009
1010
1012
1013
1014
1016
1017
1018
1019
1020
1022
1023
1024
1026
1027
1028
1029
1030
1031
1033
1034
1036
1037
1040
1041
1042
1043
1044
1046
1047
1048
1049
1055
1057
1058
1060
1062
1063
1064
1065
1066
1067
1068
1070
1071
1072
1073
1074
1075
1076
1077
1078
1080
1081
1082
1083
1084
1085
1086
1087
1090
1091
1092
1094
1096
1097
1098
1099
1100
1102
1103
1104
1105
1106
1107
1108
1109
1110
1113
1114
1117
1119
1122
1123
1124
1125
1127
1128
1129
1130
1132
1133
1135
1137
1139
1140
1141
1142
1143
1144
1145
1146
1149
1150
1151
1152
1153
1154
1155
1157
1158
1159
1160
1161
1162
1163
1164
1165
1166
1167
1168
1170
1171
1172
1173
1175
1176
1177
1178
1179
1180
1181
1182
1183
1184
1186
1187
1188
1190
1191
1192
1193
1194
1195
1196
1198
1200
1201
1202
1203
1204
1205
1206
1207
1208
1210
1211
1212
1213
1216
1218
1219
1220
1221
1223
1224
1226
1229
1230
1231
1233
1234
1235
1236
1238
1239
1240
1241
1242
1243
1244
1245
1246
1247
1249
1250
1251
1252
1253
1254
1255
1259
1260
1261
1262
1263
1264
1266
1267
1268
1270
1272
1273
1274
1275
1276
1277
1279
1281
1283
1284
1285
1287
1288
1290
1291
1292
1293
1294
1295
1296
1297
1298
1299
1300
1301
1302
1303
1305
1306
1307
1309
1310
1311
1312
1313
1314
1315
1316
1317
1318
1320
1321
1322
1323
1324
1326
1327
1328
1329
1330
1331
1332
1333
1334
1335
1336
1337
1338
1339
1340
1341
1342
1343
1344
1345
1346
1347
1348
1349
1350
1351
1352
1353
1354
1355
1356
1358
1359
1360
1361
1363
1364
1365
1366
1367
1368
1369
1370
1371
1372
1373
1375
1377
1380
1381
1382
1383
1384
1386
1387
1388
1389
1390
1391
1392
1393
1396
1397
1399
1400
1401
1402
1403
1404
1406
1407
1408
1409
1410
1411
1412
1413
1414
1416
1417
1418
1419
1420
1421
1423
1424
1425
1427
1429
1430
1431
1433
1434
1435
1436
1438
1439
1440
1441
1442
1443
1444
1446
1447
1448
1449
1450
1452
1453
1454
1455
1457
1458
1459
1460
1462
1463
1464
1465
1466
1468
1469
1471
1472
1473
1474
1475
1476
1477
1478
1480
1481
1483
1484
1486
1487
1489
1491
1492
1493
1494
1495
1496
1500
1501
1502
1504
1505
1506
1507
1508
1509
1512
1513
1516
1521
1522
1525
1526
1527
1530
1531
1532
1536
1538
1540
1542
1543
1544
1545
1546
1547
1548
1550
1554
1555
1557
1558
1559
1563
1565
1566
1567
1568
1569
1570
1571
1572
1573
1574
1576
1577
1579
1580
1581
1582
1583
1585
1586
1587
1588
1589
1590
1591
1593
1594
1596
1597
1599
1600
1601
1602
1604
1605
1606
1607
1608
1609
1610
1611
1612
1615
1616
1617
1618
1619
1620
1622
1623
1624
1625
1626
1631
1632
1634
1635
1637
1639
1640
1641
1643
1644
1645
1647
1648
1650
1651
1653
1654
1656
1657
1658
1659
1660
1661
1662
1663
1664
1665
1666
1668
1669
1670
1671
1672
1673
1674
1675
1681
1682
1683
1684
1687
1688
1689
1691
1692
1694
1695
1696
1697
1701
1702
1703
1704
1705
1706
1708
1709
1710
1711
1714
1715
1716
1717
1719
1722
1723
1724
1725
1727
1728
1729
1732
1733
1734
1735
1736
1739
1740
1741
1743
1744
1745
1746
1747
1751
1752
1753
1755
1756
1758
1759
1760
1761
1764
1765
1766
1767
1768
1772
1773
1774
1776
1777
1779
1780
1783
1784
1785
1786
1788
1789
1790
1791
1792
1793
1796
1801
1802
1804
1805
1806
1812
1813
1814
1816
1817
1819
1820
1821
1822
1824
1825
1826
1827
1828
1829
1832
1835
1837
1840
1841
1844
1851
1854
1858
1859
1860
1862
1863
1864
1869
1870
1871
1872
1875
1876
1877
1878
1880
1881
1885
1887
1889
1890
1891
1892
1895
1897
1898
1900
1903
1905
1907
1908
1909
1910
1913
1916
1917
1918
1922
1923
1924
1926
1928
1930
1932
1934
1935
1936
1938
1939
1943
1944
1945
1946
1948
1949
1950
1951
1953
1956
1957
1959
1960
1961
1962
1964
1967
1972
1976
1977
1980
1983
1984
1985
1986
1987
1988
1989
1993
1994
1995
1997
1998
1999
2000
2002
2003
2004
2006
2008
2009
2011
2014
2015
2016
2018
2019
2020
2021
2023
2027
2028
2029
2032
2034
2036
2038
2039
2041
2044
2046
2047
2049
2050
2051
2052
2054
2062
2063
2067
2068
2071
2076
2080
2083
2087
2088
2089
2094
2096
2099
2100
2101
2102
2106
2107
2108
2111
2112
2117
2118
2119
2120
2122
2123
2125
2128
2131
2135
2136
2137
2139
2140
2143
2147
2148
2151
2156
2159
2160
2163
2164
2167
2168
2170
2171
2172
2173
2174
2176
2179
2180
2181
2182
2183
2184
2193
2194
2196
2198
2199
2200
2201
2203
2207
2209
2210
2211
2212
2214
2215
2219
2221
2224
2225
2226
2227
2229
2230
2231
2232
2233
2234
2235
2236
2237
2239
2241
2246
2247
2250
2252
2254
2256
2262
2265
2266
2267
2269
2273
2276
2277
2278
2280
2282
2284
2285
2286
2289
2290
2291
2292
2294
2295
2297
2299
2300
2301
2306
2308
2310
2311
2312
2313
2316
2317
2320
2321
2323
2325
2326
2328
2329
2332
2334
2335
2336
2339
2340
2342
2343
2345
2346
2347
2349
2350
2354
2358
2359
2360
2361
2366
2368
2369
2371
2372
2373
2377
2378
2380
2381
2382
2384
2385
2386
2387
2389
2395
2396
2397
2398
2399
2400
2401
2402
2403
2405
2408
2409
2410
2412
2413
2414
2415
2420
2422
2425
2426
2428
2429
2430
2431
2434
2437
2439
2441
2442
2443
2444
2445
2446
2447
2448
2450
2451
2453
2454
2456
2458
2464
2465
2468
2469
2471
2472
2473
2475
2480
2481
2485
2486
2487
2488
2489
2490
2491
2496
2497
2498
2499
2500
2505
2508
2510
2511
2512
2513
2514
2515
2518
2519
2521
2522
2523
2528
2529
2530
2531
2532
2534
2536
2537
2538
2539
2540
2541
2542
2543
2544
2547
2548
2549
2551
2552
2553
2554
2558
2561
2565
2566
2569
2570
2571
2572
2573
2574
2575
2578
2579
2582
2583
2584
2586
2588
2591
2594
2596
2597
2599
2601
2603
2605
2606
2607
2609
2610
2611
2612
2613
2615
2618
2619
2620
2621
2622
2624
2625
2630
2631
2632
2635
2639
2641
2642
2643
2644
2645
2646
2647
2648
2650
2651
2652
2654
2658
2660
2661
2663
2664
2666
2668
2672
2673
2675
2679
2680
2681
2682
2683
2684
2685
2686
2696
2697
2698
2701
2702
2703
2705
2707
2708
2710
2712
2715
2716
2717
2718
2719
2721
2722
2723
2724
2726
2727
2729
2733
2742
2744
2745
2746
2748
2749
2752
2753
2755
2757
2758
2761
2766
2769
2770
2771
2772
2774
2793
2802
2803
2804
2806
2815
2816
2818
2822
2829
2830
2833
2848
2854
2863
2871
2874
2876
2877
2878
2888
2889
2892
2894
2896
2900
2901
2903
2905
2906
2907
2908
2909
2910
2911
2913
2915
2916
2917
2918
2919
2920
2921
2922
2923
2924
2925
2926
2927
2928
2930
2932
2933
2934
2936
2937
2938
2939
2941
2942
2944
2945
2948
2949
2950
2951
2952
2955
2956
2958
2959
2960
2964
2967
2968
2969
2970
2971
2973
2974
2976
2980
2981
2982
2984
2986
2987
2989
2990
2992
2993
2995
2999
3000
3001
3003
3004
3006
3008
3009
3010
3013
3014
3015
3016
3018
3020
3021
3022
3024
3032
3033
3034
3035
3036
3037
3039
3040
3042
3043
3044
3045
3047
3048
3050
3051
3052
3054
3055
3056
3058
3059
3060
3063
3064
3068
3069
3071
3074
3075
3077
3080
3081
3083
3084
3085
3086
3087
3089
3090
3092
3094
3097
3101
3102
3103
3104
3105
3107
3108
3109
3112
3114
3116
3117
3118
3121
3122
3123
3124
3125
3126
3127
3129
3130
3135
3137
3138
3139
3140
3141
3142
3144
3147
3149
3152
3153
3154
3155
3157
3161
3163
3164
3165
3167
3169
3170
3173
3174
3184
3186
3187
3191
3193
3194
3195
3197
3198
3201
3203
3207
3210
3211
3212
3216
3217
3219
3221
3223
3228
3229
3234
3235
3236
3238
3240
3242
3243
3245
3247
3249
3251
3252
3253
3254
3255
3256
3258
3259
3260
3263
3264
3268
3270
3271
3274
3275
3282
3284
3285
3287
3290
3291
3293
3294
3295
3298
3305
3307
3309
3310
3311
3312
3315
3316
3317
3318
3320
3321
3323
3324
3325
3326
3328
3330
3331
3332
3333
3334
3338
3339
3342
3344
3346
3348
3349
3350
3351
3352
3353
3354
3355
3358
3359
3360
3361
3363
3364
3366
3367
3368
3369
3370
3371
3373
3374
3375
3377
3379
3380
3381
3383
3384
3386
3387
3390
3391
3392
3393
3395
3398
3399
3401
3402
3405
3406
3407
3411
3425
3426
3428
3429
3431
3432
3433
3440
3442
3443
3445
3447
3452
3453
3454
3457
3462
3463
3465
3468
3469
3476
3482
3483
3487
3488
3490
3491
3492
3496
3497
3498
3499
3502
3504
3505
3506
3508
3510
3514
3515
3516
3517
3518
3519
3520
3522
3523
3524
3525
3526
3527
3528
3530
3531
3533
3534
3536
3537
3539
3540
3541
3543
3544
3546
3550
3551
3552
3555
3556
3557
3558
3559
3560
3562
3563
3565
3567
3568
3569
3572
3573
3575
3578
3580
3581
3585
3588
3592
3595
3601
3602
3604
3605
3606
3607
3608
3609
3611
3613
3615
3617
3618
3622
3623
3624
3625
3627
3631
3634
3635
3638
3639
3641
3643
3645
3646
3650
3654
3656
3657
3659
3664
3666
3668
3669
3670
3671
3674
3675
3679
3680
3683
3684
3685
3688
3689
3692
3693
3695
3696
3697
3698
3699
3700
3701
3705
3706
3707
3713
3714
3715
3716
3717
3722
3725
3729
3730
3731
3732
3733
3734
3738
3739
3741
3744
3747
3752
3754
3755
3758
3760
3762
3765
3766
3767
3770
3775
3776
3777
3778
3779
3781
3784
3788
3789
3790
3791
3792
3796
3804
3805
3810
3817
3819
3820
3821
3823
3824
3825
3826
3827
3828
3829
3830
3831
3832
3833
3834
3835
3837
3838
3842
3843
3847
3849
3850
3851
3852
3853
3855
3860
3863
3865
3866
3867
3868
3870
3871
3873
3877
3880
3883
3884
3885
3891
3893
3894
3895
3898
3903
3907
3908
3911
3912
3914
3916
3917
3919
3920
3925
3926
3928
3929
3932
3934
3936
3937
3938
3942
3943
3947
3949
3951
3952
3957
3960
3965
3967
3968
3970
3972
3973
3976
3977
3988
3989
3990
3991
3992
3993
3994
3996
3997
3998
3999
4000
4001
4003
4004
4007
4010
4011
4012
4013
4018
4019
4020
4023
4024
4026
4027
4032
4033
4039
4042
4044
4045
4046
4047
4052
4053
4054
4055
4056
4057
4058
4060
4061
4066
4068
4071
4080
4082
4085
4086
4090
4093
4094
4095
4096
4097
4099
4100
4103
4104
4106
4108
4110
4111
4112
4113
4116
4117
4119
4120
4121
4122
4123
4124
4125
4127
4129
4130
4131
4132
4138
4139
4140
4141
4143
4144
4145
4147
4154
4156
4163
4164
4165
4166
4170
4171
4172
4174
4175
4176
4178
4179
4181
4182
4183
4184
4187
4189
4190
4191
4192
4193
4194
4195
4196
4197
4201
4208
4210
4211
4249
4260
4264
4266
4276
4282
4284
4285
4286
4288
4290
4295
4296
4297
4298
4299
4300
4301
4302
4307
4310
4312
4313
4317
4323
4325
4327
4331
4332
4335
4337
4338
4342
4343
4347
4348
4350
4351
4352
4354
4372
4373
4376
4379
4382
4383
4384
4385
4389
4390
4391
4398
4401
4402
4403
4408
4409
4410
4414
4415
4417
4418
4420
4421
4425
4429
4431
4432
4434
4437
4443
4444
4445
4451
4454
4463
4466
4468
4469
4471
4479
4481
4485
4488
4489
4492
4493
4503
4513
4525
4526
4527
4530
4532
4533
4536
4538
4539
4545
4546
4547
4548
4552
4554
4555
4559
4560
4561
4562
4566
4567
4569
4571
4572
4576
4579
4582
4595
4600
4601
4602
4607
4608
4617
4620
4621
4622
4625
4633
4635
