0,33.596146,-111.978633
1,28.504964,-81.31284
1,33.478722,-112.000982
2,33.143498,-94.397282
3,41.238458,-75.858654
4,29.894378,-90.063157
5,39.359859,-85.474983
5,37.230004,-107.865779
6,40.029557,-85.0772931
6,33.5432197,-76.241112
7,36.02823,-78.843746
7,33.609159,-112.21834
8,37.117108,-88.261654
9,35.490376,-97.763836
10,37.133514,-94.478384
11,34.0463802,-85.239825
12,34.9198793,-78.7374441
12,41.1281024,-120.4191493
13,41.551962,-73.419723
14,39.019833,-80.4149
14,34.588891,-86.981859
15,30.483114,-97.669778
15,42.648099,-84.077745
16,40.992839,-97.61503
16,38.785465,-74.311823
17,44.627025,-123.051328
17,47.865754,-121.972124
18,42.209328,-88.282838
19,42.56033,-113.789812
19,30.436819,-88.891715
20,32.596094,-93.838319
21,38.485575,-82.658168
21,33.757227,-90.712128
22,31.10974,-99.33078
23,45.335366,-118.058396
23,29.4990441,-95.1255913
24,42.882479,-78.694009
25,41.760285,-83.019831
25,36.396561,-111.830402
26,41.7424997,-76.5051024
26,40.7878265,-74.3706537
27,38.880878,-94.758164
27,45.0563683,-93.3162617
28,32.774685,-94.091657
29,40.726907,-73.543756
30,37.138803,-104.523231
30,42.621319,-83.054472
31,35.3331,-97.478135
32,29.778912,-98.724391
32,31.231526,-85.450493
33,36.488342,-81.814048
33,26.610823,-79.733948
34,27.7572296,-82.734284
34,30.395741,-91.160018
35,30.866174,-93.288017
35,26.270825,-81.745551
36,34.959728,-92.435566
36,33.820498,-89.996039
37,35.577077,-82.516228
37,41.9347406,-87.7429913
38,28.389851,-81.248596
39,34.221331,-85.130382
40,47.5229841,-80.199447
40,26.689142,-92.5910689
41,34.7342509,-80.7847582
41,38.957531,-77.002461
42,35.838403,-83.574228
42,35.538043,-97.62107
43,33.717465,-78.856676
43,31.292001,-92.513688
44,34.155229,-101.866919
45,34.02128,-80.952336
45,32.5907686,-96.78663
46,32.551232,-82.972249
47,28.906876,-81.245296
48,41.933426,-112.000982
48,33.478722,-71.350241
49,43.319893,-73.612395
50,39.596322,-110.788467
50,30.37753,-91.06156
51,32.543518,-92.624043
52,43.333921,-71.01322
53,39.977681,-76.671561
54,32.326622,-95.316745
54,26.2874705,-97.9905849
55,30.333624,-95.098051
56,33.964176,-80.938599
57,35.888765,-94.979859
57,30.152304,-95.221042
58,37.511302,-121.943195
59,41.309977,-81.519342
59,39.926499,-75.141376
60,30.403829,-88.958552
61,33.798413,-83.742318
62,39.9756642,-74.2382847
62,37.694458,-120.99185
63,26.671878,-92.616012
63,38.14942,-81.928813
64,27.829339,-80.481738
65,38.704318,-121.33186
66,32.552444,-84.895833
66,38.80882,-94.893071
67,32.8090607,-85.879296
67,39.206333,-83.7177241
68,40.561577,-84.177792
68,32.400301,-83.336257
69,33.917546,-81.529227
69,39.083457,-108.474014
70,35.703382,-81.286787
71,38.309011,-122.283328
72,33.767668,-97.512067
72,35.665621,-117.993504
73,32.534396,-96.815957
74,32.5770666,-97.3388787
75,32.4341545,-81.759548
75,38.5961282,-121.2918143
76,36.24055,-115.224029
77,38.662953,-87.504643
77,41.29143,-73.112949
78,34.775819,-76.872785
79,29.894378,-95.065666
79,35.334147,-80.712497
80,28.631976,-96.627385
81,34.959728,-89.996039
81,32.506142,-84.977565
82,43.173711,-89.246586
83,42.1525,-89.9839444
84,43.066512,-77.357871
84,34.948143,-120.4527076
85,41.5922214,-88.0228929
85,32.084845,-110.776057
86,37.060797,-78.004293
86,36.002186,-79.799652
87,42.033289,-81.293856
87,28.222798,-91.552968
88,28.422051,-97.753283
89,34.726994,-81.641145
90,44.897067,-86.869567
91,34.2801955,-83.8752864
92,41.507494,-87.677404
93,40.736437,-96.598969
93,39.7110384,-86.1191817
94,36.08324,-78.320606
94,40.442519,-79.226641
95,39.496607,-121.57343
96,42.647805,-85.32049
96,27.8943892,-97.3054748
97,34.647258,-86.541605
98,41.43277,-90.155134
98,29.829851,-95.377074
99,44.354549,-89.813333
99,38.002606,-87.575764
100,42.278396,-115.24648
100,36.1231761,-73.750352
101,37.484701,-86.265657
102,42.55141,-83.61331
102,42.513919,-71.994725
103,43.409163,-86.310321
104,40.546574,-74.58374
105,39.808617,-94.811755
105,28.255445,-81.315648
106,36.088885,-83.938663
107,43.907103,-69.90761
108,34.078384,-111.5753437
108,33.413821,-83.921922
109,36.088885,-83.938663
109,30.456509,-88.895194
110,36.829961,-76.418107
111,35.386354,-76.95532
112,33.872491,-118.061727
112,33.039071,-112.014193
113,35.144689,-75.398584
113,40.083475,-76.835794
114,38.580049,-92.219907
114,37.22725,-96.992729
115,40.657293,-83.583847
116,44.27772,-83.504371
117,47.491452,-111.218821
118,32.745312,-104.754675
118,40.422824,-96.445649
119,34.667147,-92.377089
119,41.407877,-73.412984
120,30.403829,-88.958552
121,28.612495,-81.454305
122,36.948807,-86.433446
122,38.752864,-82.925293
123,44.411593,-88.743987
124,34.424199,-82.256481
125,33.459558,-112.395288
125,39.0747105,-94.6559528
126,39.823698,-92.511312
126,44.07697,-76.975137
127,36.946462,-93.714993
128,30.477426,-72.573946
128,42.172343,-81.638694
129,27.608819,-80.728675
129,32.211604,-81.517586
130,34.630698,-78.6199
131,43.548914,-116.569909
132,40.992839,-74.311823
133,35.0545697,-77.396567
133,38.854186,-79.0640008
134,31.811007,-96.457539
135,46.143162,-67.842502
136,39.853829,-86.084443
137,41.396587,-89.462832
137,33.935634,-84.730256
138,32.227804,-105.054716
138,40.586243,-101.467786
139,32.902041,-96.461769
140,35.513194,-86.452061
140,39.311522,-84.318642
141,29.497881,-98.325083
142,42.55444,-70.968233
142,40.52654,-104.990371
143,33.236372,-87.615269
143,39.486923,-79.733622
144,33.393498,-84.743664
144,32.473542,-99.738532
145,43.192887,-86.266661
146,41.244171,-96.025545
147,33.35103,-111.960968
147,36.7318789,-108.2261788
148,45.6695255,-122.5233909
149,38.36144,-122.692596
149,41.739791,-72.713347
150,38.635584,-121.506013
151,30.527664,-87.271985
151,38.774005,-90.626038
152,39.424718,-80.190933
153,40.404373,-105.046623
153,37.410677,-79.209399
154,41.116058,-74.578954
155,33.63588,-91.80475
156,42.0980861,-71.0567099
157,34.477048,-91.549074
157,30.4098482,-91.0543414
158,32.275089,-76.018944
159,45.7524691,-123.169349
159,44.0459,-87.0827258
160,33.664699,-95.505897
160,39.989348,-81.576671
161,34.247854,-83.456616
161,33.552575,-117.192629
162,36.755728,-80.734093
162,32.425554,-90.411818
163,30.177358,-81.625278
163,33.796641,-111.962216
164,37.971663,-120.365778
165,37.65447,-113.088367
165,43.179211,-87.988185
166,33.347947,-94.623206
166,35.798588,-96.582282
167,32.211604,-80.728675
168,33.134578,-94.964667
168,42.664048,-95.197118
169,41.551962,-73.419723
170,41.350947,-82.067295
170,29.4878928,-98.5377275
171,33.971139,-83.996583
172,43.817639,-93.286082
172,44.781099,-83.005695
173,37.126268,-113.51802
174,40.978989,-91.541832
174,36.810606,-119.860333
175,26.6309088,-80.0838658
176,39.540389,-95.129139
177,36.050008,-94.201133
177,40.261651,-76.772903
178,31.577418,-80.649858
178,34.250827,-91.462452
179,37.805879,-79.409875
179,64.856378,-147.689549
180,37.400846,-122.109748
181,33.703645,-116.281073
182,37.2458298,-77.3863435
182,42.72877,-84.407025
183,32.385046,-86.184915
183,35.654823,-101.411718
184,30.761862,-89.798245
184,35.140734,-88.229473
185,31.650027,-94.652353
185,27.9870445,-82.7736996
186,26.693816,-80.109045
187,32.882306,-97.15712
188,38.674715,-90.017291
188,35.559783,-77.06361
189,41.34997,-74.733605
189,41.2013398,-73.1187591
190,46.908396,-102.787045
191,43.323635,-76.448689
192,38.954911,-76.23355
193,38.067831,-78.933084
194,32.764623,-97.169284
194,38.78799,-121.2898911
195,42.580217,-84.803637
195,32.275089,-95.310407
196,39.660399,-86.141957
196,29.5744773,-98.5658032
197,37.92381,-90.771606
197,37.515657,-120.847072
198,37.551571,-83.3603119
199,27.679204,-121.760604
200,42.026224,-95.371661
201,28.537096,-93.1993259
202,42.491861,-71.729962
203,28.395378,-80.753116
204,36.324329,-84.171753
204,36.720647,-119.273131
205,43.941269,-90.832911
205,39.624903,-78.835052
206,35.357235,-89.486173
206,32.338638,-79.797888
207,41.052608,-124.190507
207,40.780681,-81.724969
208,40.978989,-91.541832
208,29.4901145,-98.5875885
209,32.97197,-99.799311
210,40.455457,-78.405524
211,36.03112,-83.866358
212,41.477509,-72.810515
213,42.0980861,-71.0567099
214,33.642779,-111.977917
215,42.7277,-71.4225
215,30.3475451,-97.5442106
216,39.733863,-75.618399
217,41.176255,-85.169186
218,32.467307,-90.134679
218,34.050394,-118.085476
219,26.610823,-81.814048
220,40.515671,-80.224153
221,40.341812,-79.946456
221,47.848617,-122.252455
222,42.249781,-84.4345706
223,37.9981886,-103.5931748
223,42.983582,-87.950503
224,29.986171,-91.815233
224,36.810606,-119.860333
225,37.699249,-121.767991
225,38.581143,-77.308069
226,38.994557,-94.713426
227,29.536603,-95.516725
228,33.596282,-123.069674
228,45.522178,-102.361308
229,28.341551,-97.095455
229,32.750915,-81.486378
230,31.843586,-85.171043
231,32.6744478,-114.6015699
231,33.806034,-117.229378
232,25.935789,-80.29576
232,39.826734,-84.85324
233,33.7083498,-112.1129733
233,37.4426233,-77.4735772
234,30.46707,-97.78924
235,35.072895,-92.495185
235,30.3021097,-93.1993259
236,38.923919,-86.791446
236,35.47119,-119.721182
237,29.778912,-98.724391
237,45.541121,-122.420703
238,34.831972,-92.394811
239,26.679553,-81.898523
240,40.305619,-88.178841
240,36.975625,-120.08061
241,34.965043,-89.586051
242,36.513272,-84.506121
242,36.11089,-86.769361
243,43.10445,-73.749197
243,34.670137,-79.183835
244,40.442519,-121.951128
245,28.784512,-81.304091
245,36.439395,-83.609231
246,41.551962,-73.419723
246,35.176134,-89.839673
247,41.59913,-87.842939
248,35.483343,-81.240857
248,26.762254,-80.103131
249,45.711725,-85.136879
250,45.491296,-122.574818
251,29.91345,-90.053832
252,32.812396,-97.426058
253,38.765978,-95.693918
254,43.54115,-96.658586
255,40.898979,-85.51646
256,32.695707,-100.920992
256,39.853829,-86.084443
257,34.071943,-117.963494
257,35.25656,-80.456989
258,26.1832411,-90.671364
259,42.122991,-80.041162
260,35.111968,-83.672623
261,32.8090607,-83.7177241
262,39.120508,-91.890515
263,39.188472,-96.556204
264,32.813411,-115.577324
264,36.836316,-119.731113
265,30.425341,-84.214277
266,29.536603,-95.516725
267,29.818473,-95.767104
267,35.952496,-78.534967
268,32.542098,-94.727504
268,38.3283334,-75.6104357
269,38.675429,-80.155096
269,32.950336,-121.741011
270,41.295443,-91.66222
270,31.220298,-82.346165
271,37.553369,-85.283895
272,33.1759079,-86.2854032
273,42.33185,-82.263765
273,34.861739,-85.510398
274,29.265049,-94.833163
274,34.073315,-117.886899
275,43.094308,-78.978894
276,46.119315,-122.93007
276,32.712387,-114.652506
277,40.530175,-85.676774
277,36.156329,-115.201607
278,43.190503,-77.498195
279,38.662953,-87.504643
279,41.574788,-87.555088
280,39.076252,-84.2035475
281,36.3088479,-86.6862916
281,46.292561,-96.12436
282,42.868442,-85.67273
283,36.986766,-81.75302
284,34.023274,-84.422495
285,33.414323,-76.586763
286,31.688927,-71.656464
287,31.089533,-97.729372
287,36.638695,-80.244444
288,39.684407,-85.136879
288,41.014001,-85.120347
289,39.039531,-95.764743
290,29.694586,-96.53837
290,35.855633,-80.065411
291,36.839161,-94.397282
291,25.928265,-80.171269
292,26.125185,-81.762659
293,38.870255,-116.6140707
294,34.556416,-86.995956
294,35.5091166,-97.7256424
295,37.5589096,-90.3197291
295,34.630698,-78.6199
296,34.6971752,-106.7683411
296,33.800975,-117.94235
297,41.933638,-83.744349
297,42.792319,-84.967451
298,45.491296,-122.574818
298,41.128329,-85.006727
299,36.778967,-119.756212
300,30.425341,-84.214277
301,45.541121,-122.420703
302,42.238635,-87.949187
303,35.072895,-92.495185
304,43.618101,-83.456061
304,39.522633,-116.343373
305,35.20219,-84.848963
306,40.836824,-75.988013
306,32.479497,-93.679174
307,31.742491,-106.289318
307,31.869188,-106.432354
308,37.999851,-85.709074
309,28.6495856,-81.4692986
310,30.461987,-84.359237
310,35.005441,-85.149166
311,35.692223,-79.789581
311,29.652058,-95.617417
312,32.288399,-110.965014
312,41.270691,-72.9775
313,30.069345,-97.189608
313,32.906238,-95.214509
314,27.8158476,-82.7813795
315,31.367011,-92.406583
315,44.27772,-83.504371
316,32.590144,-83.612256
317,39.456055,-84.172455
317,35.732122,-79.428301
318,27.0022316,-82.1253186
319,41.494392,-90.402201
320,40.847635,-81.94154
321,38.50661,-90.656737
322,30.268847,-93.179586
322,41.788163,-71.498321
323,35.898133,-79.946037
324,32.423808,-84.945113
324,41.097718,-81.38377
325,36.1231761,-115.24648
325,36.693096,-121.801112
326,39.6139062,-104.8114187
326,39.488698,-84.326818
327,31.895721,-102.332146
327,38.780009,-77.076589
328,42.987657,-88.807863
328,35.752502,-77.929145
329,43.035562,-86.216632
330,37.5589096,-90.3197291
331,42.0679412,-80.1958952
331,35.248406,-97.493277
332,31.178814,-85.404472
332,42.135539,-83.227814
333,43.720249,-70.235287
334,40.822864,-76.84513
335,42.694054,-97.480925
335,25.9524,-114.515088
336,35.511165,-97.976009
336,35.567322,-77.357858
337,40.0822209,-123.134232
338,30.064712,-95.43044
339,37.484701,-86.265657
339,36.145608,-97.049482
340,43.433738,-84.031192
341,39.689426,-83.969609
341,41.8184691,-73.0780037
342,36.368151,-94.224959
342,30.318421,-81.45051
343,36.70562,-119.577659
343,33.358138,-84.120553
344,34.5038374,-97.0041868
344,42.781897,-96.187601
345,32.95882,-96.816127
346,28.136798,-77.023292
347,47.572888,-122.172531
348,44.015765,-88.586283
348,32.921859,-96.840429
349,28.447665,-81.424513
349,36.653773,-76.23355
350,34.699825,-81.1925399
350,35.862402,-78.707124
351,39.656581,-80.859604
352,37.17957,-77.367429
352,38.9296,-77.245276
353,39.852029,-91.682032
354,37.433957,-94.702301
355,38.942711,-104.725347
356,38.8111037,-90.2925148
356,31.083227,-97.787378
357,38.289653,-82.301322
358,25.787081,-80.335317
358,32.344184,-111.016194
359,39.225427,-94.545685
359,38.949789,-104.799763
360,43.572988,-84.760321
361,40.198728,-100.652337
362,36.38752,-105.586256
362,31.786216,-82.364662
363,32.913081,-97.288509
363,30.284709,-90.957223
364,35.06565,-70.516879
365,38.675429,-97.481153
365,35.221587,-121.741011
366,30.260779,-80.3255
367,39.248504,-76.66744
367,38.391338,-121.41621
368,37.979871,-122.328358
369,32.3261145,-90.3046653
370,33.727992,-116.400709
371,33.481376,-84.443322
372,40.0822209,-75.168467
373,30.106968,-95.233615
373,41.7424997,-74.3706537
374,42.926573,-88.110317
375,42.119505,-77.204574
376,32.983093,-96.611927
377,35.978113,-77.812272
378,33.9333,-84.3332
378,34.948143,-120.4527076
379,30.501713,-85.265283
379,38.21018,-90.494371
380,28.962586,-81.96487
381,44.290001,-93.306053
382,40.479321,-86.103923
382,40.726907,-73.543756
383,35.4528545,-84.6315904
383,40.992839,-74.311823
384,36.030222,-90.52319
385,42.859824,-71.759878
386,30.704493,-86.125068
386,41.978433,-78.608937
387,41.407877,-73.412984
387,31.331719,-92.405713
388,40.071845,-83.213465
388,37.29907,-86.479887
389,32.739723,-96.306024
389,33.39392,-111.92791
390,38.988376,-84.401131
390,33.055436,-96.767634
391,35.136734,-86.564496
392,33.720124,-84.934926
392,39.227839,-83.621758
393,42.237645,-72.27897
393,41.7402659,-87.632945
394,37.2458298,-77.3863435
394,35.608001,-78.555405
395,41.59913,-89.782679
395,35.207083,-87.842939
396,39.977681,-76.671561
397,32.333083,-96.135327
397,39.909219,-86.2164311
398,34.662934,-120.465113
399,37.660652,-72.537633
399,41.806569,-97.554652
400,33.432882,-84.184909
401,40.12739,-75.40152
402,42.069294,-87.923386
403,29.4709045,-90.3243205
404,33.806034,-117.229378
404,42.544286,-83.172576
405,29.666925,-95.100045
406,35.264918,-77.646169
407,36.248722,-90.963337
407,38.411762,-121.391694
408,38.697339,-77.789836
408,40.726907,-73.543756
409,38.358741,-82.59856
410,41.43277,-90.155134
410,39.141343,-86.579988
411,35.711749,-96.842036
412,33.757277,-81.173508
412,31.980865,-84.268408
413,46.908396,-102.787045
414,33.589118,-91.552968
414,42.033289,-101.93805
415,32.473542,-84.312878
416,37.652043,-77.608163
417,35.692223,-79.789581
417,36.332473,-94.126607
418,32.423808,-84.945113
419,42.4479441,-85.6726152
419,32.913081,-97.288509
420,26.167944,-80.254227
421,47.105989,-122.29724
421,33.819473,-117.908042
422,29.133441,-82.693067
423,46.341881,-94.249555
423,40.41759,-75.920373
424,39.358593,-72.155068
424,41.37055,-79.996556
425,41.080522,-99.799311
426,32.393736,-94.865301
427,35.692223,-79.789581
427,36.805056,-114.107043
428,35.978113,-77.812272
429,40.201449,-87.627697
430,36.027632,-95.947007
430,35.110211,-106.700726
431,30.752617,-85.54706
431,40.224885,-76.928412
432,32.501376,-85.043413
433,33.898037,-94.803528
433,37.3294193,-80.7085388
434,37.042359,-95.579038
434,37.149211,-121.655172
435,42.015255,-88.1481438
436,33.016016,-97.071956
437,39.767969,-84.633418
438,33.424433,-82.062901
439,41.190112,-87.846595
439,31.178814,-85.404472
440,33.88378,-84.218458
441,45.032923,-92.831595
441,30.399387,-89.019442
442,39.938592,-75.044627
443,34.291348,-92.397163
444,38.573605,-94.857295
444,44.860771,-93.265676
445,45.570271,-93.197832
445,34.028451,-84.658026
446,40.3089103,-79.5813259
447,36.020391,-115.245431
447,34.254593,-88.714719
448,28.515333,-81.462791
448,40.782333,-80.383772
449,40.351079,-75.630465
450,43.1222318,-103.198186
451,35.220709,-82.503907
452,37.337928,-80.123894
453,38.781105,-93.735334
454,47.842328,-90.023756
454,32.350704,-122.299477
455,44.959151,-92.72713
456,43.516817,-96.773461
457,37.068529,-84.623456
458,47.167646,-94.277772
458,36.507892,-122.171764
459,39.773528,-85.976523
460,45.100635,-93.385189
460,40.316345,-79.686301
461,55.375474,-131.720399
462,32.775799,-91.870221
462,46.422883,-117.049459
463,36.817489,-83.318374
464,42.012834,-87.719145
465,35.38984,-86.239908
465,41.012502,-92.455508
466,30.064712,-83.476707
467,30.185352,-81.609265
468,38.102544,-85.866119
469,42.791693,-96.936202
469,35.969754,-77.933938
470,40.658211,-80.226573
470,41.238029,-73.03147
471,30.268847,-93.179586
471,41.697155,-93.011703
472,36.911771,-93.903147
472,46.694534,-92.106919
473,40.672452,-75.342024
474,36.156162,-115.079671
474,42.056567,-87.835428
475,42.851375,-106.266907
476,35.047606,-89.811353
476,40.098894,-111.613379
477,31.270914,-92.487231
478,43.319893,-73.612395
479,33.767907,-116.95555
480,40.612665,-74.24755
481,37.7679224,-83.609231
481,36.439395,-86.4434498
482,32.178956,-83.177707
482,36.194611,-115.226021
483,35.470025,-78.981088
483,33.64698,-95.534337
484,28.540478,-71.113093
485,35.320606,-78.648261
485,36.721028,-76.309264
486,31.836124,-106.565677
487,33.518642,-88.439114
488,38.256797,-82.429866
488,29.087437,-82.251193
489,40.291173,-75.264154
489,35.680662,-81.230668
490,29.92518,-90.070085
491,35.370037,-87.835428
492,34.948143,-90.574504
492,38.150177,-120.4527076
493,45.032923,-92.831595
493,40.201449,-87.627697
494,39.71992,-90.270971
494,30.443181,-88.945247
495,32.340452,-86.175231
496,38.5404591,-81.927722
496,36.714643,-90.9952384
497,38.5404591,-97.465846
498,25.4576229,-80.4731368
498,26.650413,-80.110786
499,32.788794,-96.599162
500,32.501376,-85.043413
500,33.942955,-78.032339
501,47.704135,-117.030828
502,43.500863,-83.384718
503,25.570918,-86.7140176
504,39.729508,-75.035783
505,38.26173,-93.3713094
505,35.976279,-84.011022
506,37.134096,-88.989563
506,33.894702,-93.299435
507,28.060008,-81.816058
507,31.4452218,-85.6507187
508,40.7878265,-76.5051024
508,37.550407,-77.451808
509,31.178814,-85.404472
509,32.745312,-96.445649
510,43.714983,-87.754467
511,31.624849,-84.213742
511,33.107622,-82.024684
512,41.883457,-80.749532
512,40.225071,-74.085199
513,39.475754,-118.80654
513,32.282537,-95.330447
514,41.965241,-84.668345
514,45.772387,-122.549467
515,35.794678,-80.259545
516,40.073985,-116.901748
517,39.079977,-84.888781
517,46.817374,-92.18404
518,38.157362,-85.836005
519,29.500938,-99.474166
520,37.748171,-88.971464
520,35.814212,-86.447192
521,33.391531,-111.699115
521,35.781341,-81.394266
522,34.677408,-88.56422
522,45.350211,-84.974067
523,35.703335,-79.873406
524,37.241729,-93.258694
525,36.3834062,-79.6670644
526,36.714643,-81.927722
527,30.06285,-90.549868
528,42.8947328,-70.8664579
529,39.330546,-93.352393
529,37.180349,-91.181652
530,39.7427258,-77.5282037
531,32.853507,-91.395153
531,41.972503,-73.985511
532,33.940766,-82.794907
532,37.117108,-118.049799
533,39.983447,-83.145016
533,32.5734336,-96.8577324
534,25.9935839,-117.294445
535,31.777143,-106.384345
536,37.482281,-105.904108
536,32.493877,-86.398425
537,40.657293,-83.583847
538,37.899113,-76.207306
538,36.862881,-84.561954
539,27.715137,-82.332629
540,34.14914,-96.9444264
541,41.60974,-83.612969
542,46.7033486,-92.4518609
542,32.861746,-79.788225
543,40.028409,-82.45211
544,39.8442693,-92.677779
544,30.793455,-75.0915553
545,40.131079,-74.226408
546,33.034819,-80.153299
546,28.613388,-81.209065
547,36.904509,-94.880384
547,26.932272,-82.310316
548,45.147843,-122.880034
549,28.701256,-100.480817
549,28.540478,-81.275989
550,28.283389,-82.718394
551,40.303211,-74.676952
552,39.336616,-76.400912
552,38.199176,-85.667473
553,26.1477897,-75.393081
553,40.286715,-97.6344279
554,37.020959,-94.811755
555,35.138917,-79.733948
556,37.979363,-84.531084
557,29.045462,-95.459088
557,42.031916,-91.682032
558,41.057471,-83.594348
559,33.943652,-83.444484
560,41.86174,-87.8176469
560,40.986535,-76.01243
561,33.819473,-117.908042
561,35.009675,-79.175234
562,40.670612,-111.989018
563,37.461433,-121.9855022
563,37.3900085,-79.115598
564,38.96574,-94.668832
565,33.233185,-97.168051
565,35.565024,-97.547591
566,29.623667,-90.747928
567,34.413887,-90.818157
567,29.774315,-118.506124
568,28.359625,-80.668453
568,40.530175,-85.676774
569,31.487916,-87.633528
569,41.540572,-100.460659
570,32.185694,-110.953398
570,32.9673153,-80.2036081
571,42.496892,-75.526931
571,48.554783,-109.737138
572,32.664652,-97.405728
572,33.212574,-86.828967
573,32.895003,-97.286601
574,35.771244,-83.99179
574,39.7110384,-86.1191817
575,26.22791,-80.155019
575,36.308937,-82.403788
576,26.489084,-80.121275
577,41.580699,-90.524339
578,33.450048,-104.526774
579,44.841719,-73.0897182
579,42.590599,-114.482885
580,41.583497,-87.716127
581,41.112105,-83.221498
582,38.232244,-104.664911
582,39.193917,-78.205538
583,38.358741,-90.157744
584,27.316246,-80.380818
585,33.803041,-84.411781
585,29.5186849,-98.6333388
586,36.241189,-91.596294
586,39.083457,-108.474014
587,29.045462,-95.459088
587,55.375474,-131.720399
588,45.4316286,-122.7551918
589,33.432882,-84.184909
590,41.745338,-88.198078
591,28.3438221,-81.94154
591,40.847635,-81.3860316
592,45.40009,-92.603656
592,40.564127,-76.012249
593,36.372286,-94.189049
594,35.364395,-97.531285
595,45.963776,-112.510563
596,38.74038,-89.032578
596,34.492946,-104.736761
597,33.9333,-112.1700005
598,38.9837453,-94.4593203
598,34.1380983,-80.9663092
599,38.864222,-91.945748
599,38.957531,-77.002461
600,40.509163,-112.01151
601,33.943652,-83.444484
602,34.588589,-94.225872
602,29.911302,-90.020477
603,31.79581,-104.990371
603,40.52654,-106.229737
604,34.174418,-119.179256
605,40.515671,-80.224153
605,32.862849,-96.754838
606,39.224556,-84.591605
606,32.793803,-96.689232
607,44.492673,-89.50967
608,37.807978,-94.708671
608,47.6584886,-117.3377956
609,21.3419649,-158.075334
610,43.312655,-90.349051
611,39.86797,-105.056732
611,38.80758,-104.758479
612,36.596821,-79.430521
612,33.713791,-112.201314
613,38.3352206,-92.5838242
613,46.678925,-122.979138
614,36.280919,-94.151696
614,42.012119,-92.908946
615,34.751438,-90.524339
615,41.580699,-77.464564
616,26.436375,-80.124371
616,36.044977,-95.903172
617,38.332009,-85.759053
617,36.670219,-93.229928
618,39.95167,-83.826452
619,43.196977,-77.927723
619,29.559137,-98.678566
620,38.829015,-81.719331
620,42.249781,-84.4345706
621,47.233071,-123.125644
622,34.45249,-86.948782
623,26.348262,-81.833799
623,30.105744,-80.200616
624,36.668028,-87.440031
625,38.134491,-96.601788
625,40.848885,-79.04839
626,28.458334,-82.631272
627,42.121102,-71.030085
627,35.022153,-89.830391
628,30.271548,-81.757048
629,37.045555,-100.94108
630,33.135681,-79.042438
630,34.623515,-117.123423
631,29.015677,-80.993665
631,40.4897474,-89.0415186
632,33.2420091,-92.6686538
633,38.784658,-83.564806
634,30.189946,-88.810955
634,35.551073,-95.588165
635,32.270558,-107.747058
636,39.979913,-75.933743
637,29.9780086,-95.1931345
638,36.413982,-89.080451
638,33.3788255,-82.0730206
639,37.2900499,-80.0890274
640,37.321668,-121.973182
641,39.83948,-89.600888
642,34.548085,-83.283794
643,26.057251,-89.080451
644,36.3893179,-81.4811689
644,38.8111037,-90.2925148
645,45.049086,-93.064426
645,42.4691915,-122.8138922
646,35.008324,-74.062491
646,40.8626458,-85.205136
647,41.64066,-81.44688
648,27.715137,-83.529854
648,35.862115,-82.332629
649,34.20044,-86.444966
649,31.32176,-110.015671
650,43.570315,-90.886168
650,32.832703,-109.730199
651,30.793589,-89.865094
651,39.502476,-86.066193
652,34.677408,-88.56422
652,38.004763,-84.571831
653,37.137067,-93.343274
653,36.1752349,-94.557579
654,34.9547985,-85.2447285
655,36.705873,-121.668832
656,33.501291,-81.956733
657,37.7679224,-86.4434498
657,38.339359,-75.162617
658,26.191058,-75.759593
658,41.315535,-98.131301
659,39.7783555,-112.234138
659,33.65067,-86.2632921
660,26.62088,-81.937051
660,39.722231,-105.080398
661,44.959151,-98.1518
661,26.271279,-92.72713
662,35.18974,-101.793388
662,34.196077,-101.75319
663,36.159391,-95.883238
664,27.552401,-99.506573
664,26.318786,-80.200351
665,39.6458746,-79.9985471
666,36.580158,-87.412899
666,43.189246,-76.242531
667,41.461581,-81.692713
668,39.673462,-104.811188
669,41.295443,-91.66222
670,40.125971,-84.617221
671,32.525782,-92.098424
671,39.039531,-95.764743
672,39.475754,-118.80654
673,35.928486,-81.530125
673,41.2013398,-73.1187591
674,35.911682,-83.843913
674,42.033289,-91.552968
675,33.790787,-117.964352
676,45.6239,-122.562
677,37.786284,-89.028816
678,40.108516,-83.715962
678,33.7745093,-84.6010619
679,41.8186521,-90.2426849
680,40.862191,-82.271284
680,40.762155,-82.594877
681,32.501376,-85.043413
681,42.588593,-72.284156
682,40.162702,-97.175372
683,35.293849,-97.606446
683,29.416963,-98.679557
684,30.255199,-98.852523
684,47.572888,-122.172531
685,36.948807,-86.433446
686,29.573864,-98.236619
686,32.084845,-110.776057
687,29.573505,-95.568028
688,34.08896,-83.989918
689,30.2262571,-85.6462476
690,37.322584,-79.252851
690,34.995904,-85.245885
691,33.857892,-79.091184
691,39.046101,-94.367039
692,39.863295,-84.09821
693,39.586924,-106.096315
694,32.97197,-99.799311
694,29.8539052,-95.5090766
695,37.755204,-77.459698
696,41.29143,-73.112949
696,42.7854,-73.941664
697,38.54105,-92.118674
698,36.183467,-94.512608
699,38.639191,-76.894969
699,32.629821,-97.407583
700,36.562992,-88.271336
701,33.518173,-81.71954
702,37.196415,-93.296293
703,39.311522,-84.318642
703,42.285163,-71.656464
704,39.699876,-86.4169154
705,37.350273,-77.482847
705,30.532744,-87.3145137
706,40.387242,-79.824695
706,30.886011,-87.790076
707,33.680298,-112.276167
707,27.996642,-80.641827
708,33.599042,-85.832144
709,32.761895,-98.946751
709,41.763311,-89.687013
710,37.860092,-82.730111
710,27.839946,-82.044407
711,40.927754,-78.980652
712,36.206597,-83.316028
713,40.555853,-76.79168
714,35.12473,-107.825679
715,29.8539052,-95.5090766
715,35.193337,-97.422127
716,30.778436,-81.618596
717,35.144791,-81.959531
717,28.000741,-106.549888
718,33.324294,-91.797421
719,36.357486,-95.230798
719,29.421683,-94.214669
720,28.0617993,-82.5521633
721,29.61355,-95.644533
721,34.979292,-81.089807
722,34.065136,-117.222895
722,40.515671,-80.224153
723,35.4528545,-84.6315904
724,42.882479,-84.895833
724,32.552444,-78.694009
725,29.235156,-99.754271
725,41.7218,-87.6862
726,38.680872,-121.787924
727,42.591163,-88.411543
727,38.2790814,-122.0352432
728,42.605454,-87.884157
728,33.713791,-112.201314
729,32.842692,-97.24635
730,41.558358,-105.09877
730,40.205184,-93.797575
731,29.536019,-98.333469
732,32.227952,-84.325777
733,35.925361,-79.988961
734,31.896254,-106.438215
735,32.651877,-117.094289
736,39.808346,-74.927725
736,37.30072,-79.960692
737,37.291593,-121.9887
737,33.869614,-112.154941
738,38.494602,-90.29602
738,36.036758,-94.256232
739,45.365936,-122.833583
740,33.059904,-110.908802
740,32.25197,-85.031485
741,32.962318,-96.642557
741,30.641564,-88.189278
742,35.174254,-78.965777
742,39.854824,-75.024256
743,43.291583,-91.753709
744,30.086635,-97.825017
745,32.207348,-75.858654
746,35.460395,-85.043829
746,27.15702,-80.218683
747,39.249276,-84.42986
747,33.840982,-83.911143
748,38.923672,-95.256869
748,42.206278,-85.879254
749,42.015255,-88.1481438
749,29.6040327,-98.2749599
750,33.720124,-84.934926
751,27.523773,-115.245037
752,41.188708,-79.396144
753,39.624903,-78.835052
754,42.9540567,-93.750585
755,29.421683,-95.230798
755,40.085707,-82.430723
756,31.939592,-84.253058
756,36.0088,-87.739498
757,44.931509,-123.306736
757,42.513919,-83.61331
758,40.6917441,-82.5079544
759,31.089533,-72.678888
760,29.4878928,-98.5377275
760,41.935116,-71.08582
761,45.1599696,-83.759967
762,46.033222,-118.384132
762,47.865754,-121.972124
763,32.747175,-94.93762
764,46.857733,-100.768147
764,34.073315,-117.886899
765,41.265902,-110.953877
766,33.9333,-84.3332
766,30.005604,-90.037914
767,33.894702,-88.989563
768,36.3342,-86.446599
769,39.018965,-96.820674
770,34.0649845,-106.8895603
771,44.478239,-103.809596
772,36.260369,-115.181684
773,35.277323,-81.529863
773,41.014001,-85.120347
774,39.453074,-83.779125
774,40.811786,-73.289495
775,35.2179,-93.166461
775,39.852029,-75.448983
776,34.972966,-81.877488
776,38.435223,-78.853029
777,36.058129,-95.817643
778,27.193124,-82.486076
779,42.137766,-84.2967
780,27.829339,-80.481738
780,33.796641,-111.962216
781,36.131739,-86.907819
782,34.2801955,-83.8752864
782,33.922428,-84.085591
783,33.998141,-81.224767
783,41.72195,-85.978848
784,43.051597,-77.057757
784,35.109522,-106.517784
785,38.76932,-77.136059
785,37.979363,-84.531084
786,33.504905,-82.086122
786,43.094308,-78.978894
787,40.413229,-77.023292
788,37.134096,-93.299435
789,30.064353,-95.405982
790,37.550407,-77.451808
791,36.020391,-115.245431
792,39.496607,-121.57343
792,30.453633,-97.607004
793,38.865459,-86.514975
794,36.0599933,-87.3812037
795,35.818159,-87.999849
795,41.748743,-78.844998
796,35.097961,-78.918123
797,46.7033486,-79.946037
797,35.898133,-92.4518609
798,39.612001,-75.504647
798,33.552575,-117.192629
799,29.547492,-98.308116
799,29.774315,-90.818157
800,31.679967,-106.200828
801,33.702814,-76.189303
802,47.713801,-97.411356
803,39.037642,-94.2697
803,36.002186,-79.799652
804,36.84596,-92.908946
804,42.012119,-86.916529
805,44.656618,-124.054416
806,42.987657,-88.807863
807,40.342207,-75.978374
807,38.8111037,-90.2925148
808,19.646268,-155.99092
809,42.8255173,-71.1111482
809,40.919007,-111.883825
810,40.870859,-81.433352
811,34.817941,-87.656437
811,35.462588,-97.389579
812,35.239523,-96.86175
813,35.247101,-91.687166
814,39.415132,-87.690846
814,38.783942,-85.377601
815,34.494271,-93.040121
816,32.288399,-110.965014
816,43.125152,-95.152506
817,35.046249,-84.055165
817,39.772625,-80.993615
818,33.98091,-84.463068
818,43.650236,-116.436338
819,35.096683,-80.782272
820,46.694534,-92.106919
820,41.663123,-72.718375
821,39.684407,-85.136879
822,33.025001,-96.511518
823,38.580049,-92.219907
823,33.664699,-95.505897
824,27.315215,-90.52319
825,31.089533,-97.729372
825,39.891437,-82.040887
826,32.531894,-94.78483
826,29.59176,-98.355813
827,39.601791,-87.681094
827,41.407877,-73.412984
828,36.372286,-94.189049
829,27.453311,-99.474166
830,31.089533,-97.729372
831,30.258479,-94.216602
831,43.095414,-75.312346
832,35.819671,-79.822953
833,39.604775,-90.822308
833,37.823253,-82.825463
834,34.834244,-87.625236
835,42.012834,-87.719145
835,41.296828,-72.38155
836,34.6971752,-106.7683411
836,38.528764,-122.79005
837,39.046101,-94.367039
837,37.602992,-77.522046
838,31.8670328,-89.7472559
838,34.209879,-78.023068
839,42.473368,-96.430044
840,34.242149,-77.8741594
840,47.894532,-122.2558117
841,27.513088,-81.497158
841,35.38984,-86.239908
842,33.90295,-84.110453
842,25.935789,-80.29576
843,39.407965,-103.160521
844,46.712044,-117.175627
845,36.376777,-78.984788
845,29.8979437,-95.6831967
846,36.959408,-82.482406
847,38.436729,-90.377786
848,44.291594,-82.732518
849,32.970025,-111.9752
850,35.819671,-79.822953
851,36.483717,-86.888493
851,26.610823,-81.814048
852,41.008702,-76.485292
853,45.62615,-86.40034
854,37.978619,-87.407594
855,45.4316286,-122.7551918
856,41.420513,-81.754117
857,33.561222,-95.3129339
857,29.7162189,-81.767261
858,32.703367,-97.428115
859,32.666757,-97.209309
860,32.835031,-85.178726
860,37.979871,-122.328358
861,42.96419,-71.485444
862,38.80882,-94.893071
863,35.364078,-94.37876
864,29.9590023,-89.9839444
864,47.52661,-111.296587
865,27.8158476,-82.7813795
866,36.413982,-89.080451
866,39.083457,-108.474014
867,44.708186,-75.456123
867,33.216703,-96.735578
868,31.270914,-92.487231
869,31.578974,-81.414975
869,28.428206,-84.086699
870,31.320306,-89.461783
870,40.630189,-95.434461
871,29.784042,-95.804025
872,39.144796,-121.653902
873,39.940379,-95.964357
874,38.510098,-90.438772
874,46.791635,-100.749948
875,29.133441,-98.894305
875,26.236042,-98.205346
876,40.810122,-77.89739
877,33.664699,-95.505897
878,38.668326,-121.167602
878,48.111047,-123.362177
879,39.128256,-84.597178
879,42.345046,-87.898468
880,33.898037,-94.803528
880,30.477863,-87.308317
881,39.887629,-86.118971
882,40.370349,-78.432848
883,30.556986,-84.595535
884,26.205328,-80.244444
884,36.638695,-80.229699
885,26.710328,-80.150281
886,45.515722,-122.89821
887,40.623175,-79.946528
887,40.630189,-89.461783
888,35.243593,-81.124876
889,42.033289,-91.552968
889,32.48368,-93.705344
890,38.36144,-122.692596
890,34.078384,-83.921922
891,32.934593,-80.689624
891,41.845607,-71.416056
892,30.64515,-97.692098
892,42.136021,-72.506862
893,38.4342477,-85.450252
894,32.882514,-97.386969
895,34.487945,-82.678139
896,40.800592,-73.178586
896,34.748243,-92.410566
897,40.866688,-74.100931
898,34.964734,-94.652353
899,42.159486,-79.968079
900,28.555379,-96.46793
900,32.931345,-80.842668
901,42.159486,-79.968079
902,32.400301,-83.336257
903,33.638953,-86.629165
903,34.1380983,-80.9663092
904,38.037703,-89.459003
904,34.7466316,-84.422031
905,30.6250365,-87.9046017
905,27.959261,-82.748295
906,40.0262886,-88.682353
906,32.389466,-79.8989883
907,34.90851,-82.332431
907,30.477426,-81.638694
908,36.020391,-117.083014
908,32.606887,-115.245431
909,43.714983,-87.754467
909,39.578766,-79.959297
910,38.666161,-94.369474
911,40.772792,-85.168326
911,32.5882987,-96.9245811
912,35.094581,-94.628209
912,45.980168,-94.337543
913,39.859194,-86.39654
914,35.028039,-90.793582
914,34.1380983,-80.9663092
915,33.562105,-86.518619
916,30.392334,-88.995008
916,29.348167,-98.433521
917,30.293263,-91.910347
917,33.6555402,-117.9870451
918,34.8284813,-82.5494312
918,27.996875,-82.439696
919,43.684941,-98.009732
919,35.015665,-85.376526
920,35.221587,-97.481153
920,45.189871,-93.878478
921,43.291583,-110.260441
921,31.560187,-91.753709
922,34.112862,-84.584433
922,41.214831,-96.114293
923,27.834467,-82.682197
923,41.305318,-84.364403
924,34.157361,-81.937051
925,34.76783,-84.92994
926,38.900475,-77.011954
927,39.742724,-78.432848
927,40.370349,-105.079342
928,30.392334,-88.995008
929,39.723234,-121.804955
929,39.711341,-84.201791
930,26.301269,-98.181031
931,31.750245,-93.066686
931,30.6781469,-88.2225698
932,44.951553,-116.215202
932,33.698811,-95.689822
933,40.68772,-83.652427
933,41.354048,-80.105554
934,35.950968,-83.940335
935,36.040217,-74.2999066
935,40.6870876,-79.770824
936,39.9269568,-83.1205358
936,33.025001,-96.511518
937,41.697155,-95.595268
938,26.62088,-81.937051
939,37.063426,-113.587387
940,32.393959,-118.384132
941,41.583495,-71.98949
941,33.637368,-86.684495
942,37.660652,-97.554652
942,39.488698,-84.326818
943,41.116694,-77.480536
943,40.780681,-124.190507
944,42.801879,-71.2385
944,42.660563,-83.467685
945,44.163908,-93.950642
946,38.134491,-79.04839
946,44.023733,-121.317387
947,43.800259,-123.043331
948,38.612933,-86.083814
949,38.931599,-122.616359
949,38.889104,-77.443029
950,27.893098,-82.764218
951,30.642342,-97.03214
952,32.136724,-111.000556
953,39.035564,-94.641175
954,33.008051,-80.047046
955,32.526989,-92.113661
956,34.882808,-82.355327
957,34.454531,-93.060534
957,32.432088,-97.780249
958,39.046101,-94.367039
958,36.805056,-114.107043
959,42.538338,-83.032619
960,29.844264,-95.644835
961,37.652043,-77.608163
961,43.48974,-83.969334
962,32.731829,-96.615424
962,40.583976,-122.34324
963,37.925334,-89.804487
963,39.566297,-84.277752
964,38.573605,-94.857295
965,36.714712,-91.870322
965,30.793589,-89.865094
966,33.177006,-83.444484
967,33.480162,-117.094503
967,33.755828,-84.413627
968,29.5164259,-76.506222
969,29.573345,-117.402109
969,47.741455,-95.283131
970,34.78855,-86.958843
971,32.333377,-96.620823
971,30.561997,-90.95876
972,38.635584,-121.506013
972,33.985005,-118.105078
973,33.872491,-117.908042
974,42.033289,-91.552968
975,41.354048,-83.652427
975,29.693435,-95.210378
976,28.155373,-82.356616
976,46.153058,-122.983947
977,41.244171,-96.025545
978,39.699603,-96.672346
979,41.266577,-82.22378
980,39.569337,-89.314967
980,37.400469,-76.528717
981,41.78391,-85.424951
981,32.765568,-97.484281
982,38.639191,-76.894969
982,42.199521,-70.944198
983,42.137766,-121.820361
983,38.471927,-88.017854
984,33.719115,-84.312878
985,34.20044,-110.015671
985,39.037642,-94.2697
986,39.268764,-94.930386
986,38.747165,-121.256983
987,38.814137,-90.879016
988,42.8270741,-103.0221246
989,38.988635,-90.982017
989,45.021718,-93.183443
990,48.2888983,-85.6857848
991,38.070078,-97.892255
992,39.673462,-104.811188
993,34.444031,-118.576072
993,29.05658,-82.276131
994,32.912532,-112.341401
994,34.592452,-84.333816
995,35.277323,-92.645849
995,37.663493,-81.529863
996,44.426709,-71.194051
996,34.54509,-82.632837
997,43.162076,-88.730179
998,37.663493,-92.645849
998,44.779317,-88.5804
999,46.864665,-96.865768
999,38.142543,-85.586846
