1,32822
3,34461
4,38637
5,47240
6,30117
6,17602
7,27704
11,30125
12,15801
14,26452
14,35601
15,48836
16,7457
21,41101
21,38732
24,14043
25,37857
26,17866
26,12458
27,55430
30,48314
33,27288
33,33966
34,33707
35,34109
36,38671
38,32832
39,30161
40,33411
40,55768
41,29720
41,20011
42,37862
43,29577
44,29505
46,31021
47,32725
48,2760
53,17402
59,44056
59,19148
62,8755
63,33909
64,32958
66,31909
67,31206
67,47201
68,45895
68,31014
70,28602
75,30458
77,47591
78,28570
79,28262
81,38671
81,31904
84,14502
86,27406
87,52302
87,34772
89,29379
91,30504
93,46227
94,15717
94,27549
96,49058
97,35802
99,54494
99,47710
100,12534
101,42754
102,1440
102,48165
103,49461
104,8835
105,34769
106,37938
107,4011
108,30519
109,37938
109,39540
110,23321
113,19406
113,28529
116,23601
122,42104
122,45662
126,17331
128,32218
128,1020
129,29926
129,33825
130,28337
133,22033
133,28314
136,46226
137,30157
140,37160
140,45040
143,35476
143,26537
144,30265
145,49441
149,6106
151,32534
152,26554
153,24501
154,27513
155,41503
159,49829
160,43725
161,30529
162,29906
163,32223
167,41101
168,50588
169,6776
170,44035
171,30046
172,48413
172,55337
174,52641
177,17111
178,29020
179,24450
182,23834
183,36117
184,38018
184,36575
185,33755
186,33406
188,27889
189,18337
191,13069
193,22980
195,48813
196,46227
198,33825
200,51442
203,32922
204,40769
205,54656
205,21502
206,39074
206,27209
207,44281
208,52641
210,16601
211,37924
215,3051
217,46818
218,39110
219,33966
220,15108
221,15122
222,49202
223,53215
225,22026
226,34221
229,34746
230,36027
232,33015
232,47374
233,23234
236,37091
239,33903
242,37841
243,12866
243,28372
244,15717
245,32746
245,37825
246,38133
248,28092
248,33407
249,47331
255,32210
256,46226
257,28097
259,16504
261,31206
265,32311
267,27587
268,21826
269,29485
270,52353
270,31501
271,40033
272,35150
273,49048
275,14304
277,46953
279,47591
280,39828
282,49548
283,32210
284,30062
285,21122
286,1532
287,24171
288,47331
288,46816
290,27360
292,55060
294,35603
297,48430
298,46835
300,32311
301,46038
304,43160
305,37312
306,18252
308,40165
309,32703
310,32304
310,37421
312,6516
314,33708
315,48763
316,35957
317,27344
317,45036
318,33948
320,44691
323,27263
324,44240
324,31903
326,45044
327,22306
328,53549
328,27893
331,16506
332,36301
332,48183
333,4105
334,17870
336,27858
339,42754
340,48638
341,6790
342,32224
343,30248
344,51031
346,32937
348,54904
349,23322
349,32819
350,29706
350,27612
352,23805
352,22182
353,52402
355,31326
358,33126
360,48858
362,31513
367,21227
369,38556
371,35016
373,12458
374,53150
377,27804
378,30338
379,40065
380,34491
381,46410
382,46901
383,37303
383,7457
384,34748
385,14456
386,32433
386,16701
388,41701
388,46052
390,41001
392,30180
392,45133
393,1082
394,23834
394,27529
395,38133
396,17402
397,46268
399,6042
400,30253
401,19403
404,48084
406,28504
408,11554
409,33615
410,47403
412,30032
412,31419
413,28704
414,52302
415,30316
416,23060
417,27203
418,31903
419,49080
420,33351
423,19560
424,6385
424,26354
427,27203
428,27804
431,17011
432,36867
433,24134
435,29440
437,45320
438,30906
439,36301
440,30084
441,55082
441,39507
442,8002
445,55008
445,30152
446,15601
447,38801
448,32811
448,15010
449,19505
450,53225
452,33009
454,39232
455,54016
457,42501
459,46229
460,15642
465,37388
465,52501
467,32257
468,40272
469,27856
470,15005
470,6460
471,50208
472,54880
473,18020
476,38125
478,12804
480,7036
481,40143
481,37825
482,31023
483,29575
485,28339
485,23322
487,39705
488,25570
488,34476
489,19440
489,28658
493,55082
494,39532
495,36116
496,24211
498,33034
498,33406
499,39440
500,36867
502,48723
503,37115
505,37921
507,33823
507,36360
508,17866
509,36301
511,31707
511,30830
512,44004
512,7753
514,49250
515,27292
517,55811
517,47001
518,40216
520,37128
521,28630
522,38829
522,49770
523,28787
525,27320
526,24211
530,17268
531,12401
532,41858
533,43228
536,36054
538,40356
538,23502
539,32904
542,55720
542,29466
543,43056
544,8096
545,7731
546,32765
546,29483
547,34224
548,55008
549,32825
550,32119
551,8540
552,21220
552,40218
554,42141
555,27288
556,40503
557,52402
559,30606
560,18202
561,28376
563,24572
568,46953
568,32952
570,29485
571,13815
572,35007
574,37701
574,46227
575,33069
575,37604
577,52807
581,44883
582,22603
584,34986
585,30318
589,30253
591,44691
591,34744
592,54024
592,19526
594,52302
596,38652
598,29203
599,20011
601,30606
605,15108
606,45239
607,54467
610,53581
612,24540
614,50158
615,52807
615,28540
616,33484
617,47129
619,14420
620,25271
620,49202
623,32068
624,42262
625,24401
627,38125
631,32168
633,45693
634,38301
636,19365
638,38261
638,30815
639,24153
642,30538
644,28694
646,7608
647,44095
648,33598
648,37862
649,36420
650,54665
651,46131
652,38829
652,40513
656,29841
657,40143
657,21811
658,18640
659,46224
660,33990
661,54016
664,33073
665,26501
666,37042
666,13090
669,52353
670,45331
673,28645
674,37920
674,52302
678,43078
678,30122
679,52732
680,44805
680,44906
681,36867
681,1364
685,42104
688,30519
690,24502
690,37412
691,29526
695,44460
699,20601
700,37660
701,29803
703,45040
703,1532
704,46168
705,23831
706,15137
706,36507
707,32907
708,33063
710,25601
710,33781
712,37814
716,31558
717,33803
720,33625
721,29732
722,15108
723,37303
724,31909
724,14043
727,53147
728,53144
730,50266
732,30513
733,27263
736,8091
736,24012
740,30240
741,36609
742,28390
742,8083
743,52101
745,18702
746,37321
746,34997
747,45241
747,30052
748,49079
751,34221
752,16214
753,21502
754,13021
755,43055
756,37830
758,48604
760,2767
761,55014
763,39180
766,30338
770,47403
773,28152
773,46816
775,19061
776,29307
776,22801
778,13421
780,32958
782,30504
782,30044
783,29072
783,46514
784,14513
785,22315
785,40503
786,30907
786,14304
787,17050
793,47421
794,37055
795,27560
796,2081
797,55720
797,27263
798,8070
801,23464
803,27406
804,50158
806,53549
807,19610
809,3865
810,44720
811,35630
814,47250
816,51301
817,45431
817,29708
818,30062
820,6111
821,47331
824,34986
825,43701
827,6810
831,13413
832,27317
833,41240
835,6475
837,23230
838,28451
838,39111
840,28403
841,33870
841,37388
842,30047
842,33015
845,27573
847,37312
848,33765
850,36054
851,37172
851,33966
852,17815
853,49431
854,17044
856,44130
857,29801
860,36854
865,33708
866,38261
869,31705
872,49024
881,46240
882,16635
883,32351
884,33068
884,24171
885,33411
887,15044
888,28054
889,52302
890,30519
891,29488
892,1119
893,36830
895,29624
896,11749
897,7026
898,38637
899,16421
900,32780
901,33071
902,31701
903,35235
903,29203
904,40509
905,36526
905,33765
906,39301
906,15417
907,32218
907,29687
909,53081
909,26508
911,46714
914,29203
915,35094
916,39531
918,29640
919,37419
920,55313
921,52101
922,30189
923,33781
923,43512
924,33990
925,30721
926,20001
927,16635
928,39531
931,36695
933,16066
933,43402
934,37919
935,7083
935,27406
936,43228
938,33990
941,6351
941,35215
942,45044
943,17751
944,48386
945,46038
946,24401
948,47167
949,20151
950,33771
954,29445
956,29615
959,48312
961,23060
961,48604
963,45005
966,30606
968,23602
970,13662
974,52302
975,43402
976,33647
978,46203
980,23061
981,49091
982,20601
984,30316
989,55113
990,49009
993,34481
994,30286
995,28152
996,29621
997,53094
998,54166
999,40291
