0,33.596146,-111.978633,85032
1,28.504964,-81.31284,32822
1,33.478722,-112.000982,85018
2,33.143498,-94.397282,64850
3,41.238458,-75.858654,34461
4,29.894378,-90.063157,38637
5,39.359859,-85.474983,47240
5,37.230004,-107.865779,81303
6,40.029557,-85.0772931,30117
6,33.5432197,-76.241112,17602
7,36.02823,-78.843746,27704
7,33.609159,-112.21834,85381
8,37.117108,-88.261654,60110
9,35.490376,-97.763836,98516
10,37.133514,-94.478384,64870
11,34.0463802,-85.239825,30125
12,34.9198793,-78.7374441,15801
12,41.1281024,-120.4191493,93454
13,41.551962,-73.419723,6776
14,39.019833,-80.4149,26452
14,34.588891,-86.981859,35601
15,30.483114,-97.669778,78664
15,42.648099,-84.077745,48836
16,40.992839,-97.61503,67401
16,38.785465,-74.311823,7457
17,44.627025,-123.051328,97322
17,47.865754,-121.972124,98272
18,42.209328,-88.282838,97365
19,42.56033,-113.789812,83318
19,30.436819,-88.891715,39540
20,32.596094,-93.838319,71107
21,38.485575,-82.658168,41101
21,33.757227,-90.712128,38732
22,31.10974,-99.33078,76825
23,45.335366,-118.058396,97850
23,29.4990441,-95.1255913,77573
24,42.882479,-78.694009,14043
25,41.760285,-83.019831,84341
25,36.396561,-111.830402,37857
26,41.7424997,-76.5051024,17866
26,40.7878265,-74.3706537,12458
27,38.880878,-94.758164,66062
27,45.0563683,-93.3162617,55430
28,32.774685,-94.091657,76111
29,40.726907,-73.543756,16652
30,37.138803,-104.523231,81082
30,42.621319,-83.054472,48314
31,35.3331,-97.478135,73160
32,29.778912,-98.724391,78006
32,31.231526,-85.450493,36305
33,36.488342,-81.814048,27288
33,26.610823,-79.733948,33966
34,27.7572296,-82.734284,33707
34,30.395741,-91.160018,70808
35,30.866174,-93.288017,70634
35,26.270825,-81.745551,34109
36,34.959728,-92.435566,71742
36,33.820498,-89.996039,38671
37,35.577077,-82.516228,28805
37,41.9347406,-87.7429913,60639
38,28.389851,-81.248596,32832
39,34.221331,-85.130382,30161
40,47.5229841,-80.199447,33411
40,26.689142,-92.5910689,55768
41,34.7342509,-80.7847582,29720
41,38.957531,-77.002461,20011
42,35.838403,-83.574228,37862
42,35.538043,-97.62107,73132
43,33.717465,-78.856676,29577
43,31.292001,-92.513688,71303
44,34.155229,-101.866919,29505
45,34.02128,-80.952336,29206
45,32.5907686,-96.78663,75146
46,32.551232,-82.972249,31021
47,28.906876,-81.245296,32725
48,41.933426,-112.000982,2760
48,33.478722,-71.350241,85018
49,43.319893,-73.612395,72390
50,39.596322,-110.788467,70809
50,30.37753,-91.06156,84501
51,32.543518,-92.624043,71270
52,43.333921,-71.01322,29210
53,39.977681,-76.671561,17402
54,32.326622,-95.316745,75701
54,26.2874705,-97.9905849,78543
55,30.333624,-95.098051,77327
56,33.964176,-80.938599,29209
57,35.888765,-94.979859,74464
57,30.152304,-95.221042,77357
58,37.511302,-121.943195,94539
59,41.309977,-81.519342,44056
59,39.926499,-75.141376,19148
60,30.403829,-88.958552,39531
61,33.798413,-83.742318,30655
62,39.9756642,-74.2382847,95356
62,37.694458,-120.99185,8755
63,26.671878,-92.616012,65065
63,38.14942,-81.928813,33909
64,27.829339,-80.481738,32958
65,38.704318,-121.33186,95842
66,32.552444,-84.895833,31909
66,38.80882,-94.893071,66030
67,32.8090607,-85.879296,31206
67,39.206333,-83.7177241,47201
68,40.561577,-84.177792,45895
68,32.400301,-83.336257,31014
69,33.917546,-81.529227,29070
69,39.083457,-108.474014,81504
70,35.703382,-81.286787,28602
71,38.309011,-122.283328,94558
72,33.767668,-97.512067,92683
72,35.665621,-117.993504,73003
73,32.534396,-96.815957,75154
74,32.5770666,-97.3388787,76036
75,32.4341545,-81.759548,30458
75,38.5961282,-121.2918143,95670
76,36.24055,-115.224029,89130
77,38.662953,-87.504643,47591
77,41.29143,-73.112949,6484
78,34.775819,-76.872785,28570
79,29.894378,-95.065666,77532
79,35.334147,-80.712497,28262
80,28.631976,-96.627385,77979
81,34.959728,-89.996039,38671
81,32.506142,-84.977565,31904
82,43.173711,-89.246586,77474
83,42.1525,-89.9839444,70043
84,43.066512,-77.357871,14502
84,34.948143,-120.4527076,93458
85,41.5922214,-88.0228929,60441
85,32.084845,-110.776057,85747
86,37.060797,-78.004293,23824
86,36.002186,-79.799652,27406
87,42.033289,-81.293856,52302
87,28.222798,-91.552968,34772
88,28.422051,-97.753283,78102
89,34.726994,-81.641145,29379
90,44.897067,-86.869567,55118
91,34.2801955,-83.8752864,30504
92,41.507494,-87.677404,60461
93,40.736437,-96.598969,68526
93,39.7110384,-86.1191817,46227
94,36.08324,-78.320606,15717
94,40.442519,-79.226641,27549
95,39.496607,-121.57343,95965
96,42.647805,-85.32049,49058
96,27.8943892,-97.3054748,78374
97,34.647258,-86.541605,35802
98,41.43277,-90.155134,61254
98,29.829851,-95.377074,77022
99,44.354549,-89.813333,54494
99,38.002606,-87.575764,47710
100,42.278396,-115.24648,89103
100,36.1231761,-73.750352,12534
101,37.484701,-86.265657,42754
102,42.55141,-83.61331,1440
102,42.513919,-71.994725,48165
103,43.409163,-86.310321,49461
104,40.546574,-74.58374,8835
105,39.808617,-94.811755,64506
105,28.255445,-81.315648,34769
106,36.088885,-83.938663,37938
107,43.907103,-69.90761,4011
108,34.078384,-111.5753437,85120
108,33.413821,-83.921922,30519
109,36.088885,-83.938663,37938
109,30.456509,-88.895194,39540
110,36.829961,-76.418107,23321
111,35.386354,-76.95532,93312
112,33.872491,-118.061727,90703
112,33.039071,-112.014193,85138
113,35.144689,-75.398584,19406
113,40.083475,-76.835794,28529
114,38.580049,-92.219907,65109
114,37.22725,-96.992729,67156
115,40.657293,-83.583847,43326
116,44.27772,-83.504371,23601
117,47.491452,-111.218821,59405
118,32.745312,-104.754675,80634
118,40.422824,-96.445649,75126
119,34.667147,-92.377089,72209
119,41.407877,-73.412984,6810
120,30.403829,-88.958552,39531
121,28.612495,-81.454305,32810
122,36.948807,-86.433446,42104
122,38.752864,-82.925293,45662
123,44.411593,-88.743987,54961
124,34.424199,-82.256481,92345
125,33.459558,-112.395288,85338
125,39.0747105,-94.6559528,66106
126,39.823698,-92.511312,17331
126,44.07697,-76.975137,55901
127,36.946462,-93.714993,65605
128,30.477426,-72.573946,32218
128,42.172343,-81.638694,1020
129,27.608819,-80.728675,29926
129,32.211604,-81.517586,33825
130,34.630698,-78.6199,28337
131,43.548914,-116.569909,80031
132,40.992839,-74.311823,93036
133,35.0545697,-77.396567,22033
133,38.854186,-79.0640008,28314
134,31.811007,-96.457539,68025
135,46.143162,-67.842502,4730
136,39.853829,-86.084443,46226
137,41.396587,-89.462832,61356
137,33.935634,-84.730256,30157
138,32.227804,-105.054716,79720
138,40.586243,-101.467786,80524
139,32.902041,-96.461769,75087
140,35.513194,-86.452061,37160
140,39.311522,-84.318642,45040
141,29.497881,-98.325083,78109
142,42.55444,-70.968233,1923
142,40.52654,-104.990371,80547
143,33.236372,-87.615269,35476
143,39.486923,-79.733622,26537
144,33.393498,-84.743664,30265
144,32.473542,-99.738532,79601
145,43.192887,-86.266661,49441
146,41.244171,-96.025545,68124
147,33.35103,-111.960968,85284
147,36.7318789,-108.2261788,87401
148,45.6695255,-122.5233909,98682
149,38.36144,-122.692596,94928
149,41.739791,-72.713347,6106
150,38.635584,-121.506013,95834
151,30.527664,-87.271985,32534
151,38.774005,-90.626038,63376
152,39.424718,-80.190933,26554
153,40.404373,-105.046623,80537
153,37.410677,-79.209399,24501
154,41.116058,-74.578954,27513
155,33.63588,-91.80475,41503
156,42.0980861,-71.0567099,2301
157,34.477048,-91.549074,70816
157,30.4098482,-91.0543414,72160
158,32.275089,-76.018944,75703
159,45.7524691,-123.169349,49829
159,44.0459,-87.0827258,97402
160,33.664699,-95.505897,75462
160,39.989348,-81.576671,43725
161,34.247854,-83.456616,30529
161,33.552575,-117.192629,92562
162,36.755728,-80.734093,63901
162,32.425554,-90.411818,29906
163,30.177358,-81.625278,32223
163,33.796641,-111.962216,85331
164,37.971663,-120.365778,95370
165,37.65447,-113.088367,84720
165,43.179211,-87.988185,53223
166,33.347947,-94.623206,74960
166,35.798588,-96.582282,75409
167,32.211604,-80.728675,41101
168,33.134578,-94.964667,75455
168,42.664048,-95.197118,50588
169,41.551962,-73.419723,6776
170,41.350947,-82.067295,44035
170,29.4878928,-98.5377275,78213
171,33.971139,-83.996583,30046
172,43.817639,-93.286082,48413
172,44.781099,-83.005695,55337
173,37.126268,-113.51802,84780
174,40.978989,-91.541832,52641
174,36.810606,-119.860333,93722
175,26.6309088,-80.0838658,33461
176,39.540389,-95.129139,66002
177,36.050008,-94.201133,72704
177,40.261651,-76.772903,17111
178,31.577418,-80.649858,29020
178,34.250827,-91.462452,71373
179,37.805879,-79.409875,24450
179,64.856378,-147.689549,99701
180,37.400846,-122.109748,94040
181,33.703645,-116.281073,92253
182,37.2458298,-77.3863435,23834
182,42.72877,-84.407025,48864
183,32.385046,-86.184915,36117
183,35.654823,-101.411718,79007
184,30.761862,-89.798245,38018
184,35.140734,-88.229473,36575
185,31.650027,-94.652353,75965
185,27.9870445,-82.7736996,33755
186,26.693816,-80.109045,33406
187,32.882306,-97.15712,76034
188,38.674715,-90.017291,62234
188,35.559783,-77.06361,27889
189,41.34997,-74.733605,18337
189,41.2013398,-73.1187591,6614
190,46.908396,-102.787045,58601
191,43.323635,-76.448689,13069
192,38.954911,-76.23355,65201
193,38.067831,-78.933084,22980
194,32.764623,-97.169284,76120
194,38.78799,-121.2898911,95678
195,42.580217,-84.803637,48813
195,32.275089,-95.310407,75703
196,39.660399,-86.141957,78249
196,29.5744773,-98.5658032,46227
197,37.92381,-90.771606,63664
197,37.515657,-120.847072,95380
198,37.551571,-83.3603119,33825
199,27.679204,-121.760604,97603
200,42.026224,-95.371661,51442
201,28.537096,-93.1993259,70611
202,42.491861,-71.729962,1453
203,28.395378,-80.753116,32922
204,36.324329,-84.171753,40769
204,36.720647,-119.273131,93292
205,43.941269,-90.832911,54656
205,39.624903,-78.835052,21502
206,35.357235,-89.486173,39074
206,32.338638,-79.797888,27209
207,41.052608,-124.190507,44281
207,40.780681,-81.724969,95501
208,40.978989,-91.541832,52641
208,29.4901145,-98.5875885,78229
209,32.97197,-99.799311,79553
210,40.455457,-78.405524,16601
211,36.03112,-83.866358,37924
212,41.477509,-72.810515,6492
213,42.0980861,-71.0567099,2301
214,33.642779,-111.977917,85374
215,42.7277,-71.4225,78653
215,30.3475451,-97.5442106,3051
216,39.733863,-75.618399,95660
217,41.176255,-85.169186,46818
218,32.467307,-90.134679,39110
218,34.050394,-118.085476,91770
219,26.610823,-81.814048,33966
220,40.515671,-80.224153,15108
221,40.341812,-79.946456,15122
221,47.848617,-122.252455,98087
222,42.249781,-84.4345706,49202
223,37.9981886,-103.5931748,53215
223,42.983582,-87.950503,81050
224,29.986171,-91.815233,70560
224,36.810606,-119.860333,93722
225,37.699249,-121.767991,22026
225,38.581143,-77.308069,94551
226,38.994557,-94.713426,34221
227,29.536603,-95.516725,77459
228,33.596282,-123.069674,79336
228,45.522178,-102.361308,97113
229,28.341551,-97.095455,34746
229,32.750915,-81.486378,76011
230,31.843586,-85.171043,36027
231,32.6744478,-114.6015699,85365
231,33.806034,-117.229378,92571
232,25.935789,-80.29576,33015
232,39.826734,-84.85324,47374
233,33.7083498,-112.1129733,23234
233,37.4426233,-77.4735772,85085
234,30.46707,-97.78924,78717
235,35.072895,-92.495185,72034
235,30.3021097,-93.1993259,70611
236,38.923919,-86.791446,37091
236,35.47119,-119.721182,89410
237,29.778912,-98.724391,78006
237,45.541121,-122.420703,97060
238,34.831972,-92.394811,72113
239,26.679553,-81.898523,33903
240,40.305619,-88.178841,61866
240,36.975625,-120.08061,93637
241,34.965043,-89.586051,63801
242,36.513272,-84.506121,37841
242,36.11089,-86.769361,37204
243,43.10445,-73.749197,12866
243,34.670137,-79.183835,28372
244,40.442519,-121.951128,15717
245,28.784512,-81.304091,32746
245,36.439395,-83.609231,37825
246,41.551962,-73.419723,6776
246,35.176134,-89.839673,38133
247,41.59913,-87.842939,60487
248,35.483343,-81.240857,28092
248,26.762254,-80.103131,33407
249,45.711725,-85.136879,47331
250,45.491296,-122.574818,97266
251,29.91345,-90.053832,70053
252,32.812396,-97.426058,76135
253,38.765978,-95.693918,63136
254,43.54115,-96.658586,57110
255,40.898979,-85.51646,32210
256,32.695707,-100.920992,79549
256,39.853829,-86.084443,46226
257,34.071943,-117.963494,28097
257,35.25656,-80.456989,91706
258,26.1832411,-90.671364,72401
259,42.122991,-80.041162,16504
260,35.111968,-83.672623,87110
261,32.8090607,-83.7177241,31206
262,39.120508,-91.890515,65265
263,39.188472,-96.556204,66502
264,32.813411,-115.577324,92243
264,36.836316,-119.731113,93710
265,30.425341,-84.214277,32311
266,29.536603,-95.516725,77459
267,29.818473,-95.767104,77449
267,35.952496,-78.534967,27587
268,32.542098,-94.727504,75605
268,38.3283334,-75.6104357,21826
269,38.675429,-80.155096,29485
269,32.950336,-121.741011,95776
270,41.295443,-91.66222,52353
270,31.220298,-82.346165,31501
271,37.553369,-85.283895,40033
272,33.1759079,-86.2854032,35150
273,42.33185,-82.263765,29615
273,34.861739,-85.510398,49048
274,29.265049,-94.833163,77551
274,34.073315,-117.886899,91791
275,43.094308,-78.978894,14304
276,46.119315,-122.93007,98632
276,32.712387,-114.652506,85364
277,40.530175,-85.676774,46953
277,36.156329,-115.201607,89102
278,43.190503,-77.498195,14580
279,38.662953,-87.504643,47591
279,41.574788,-87.555088,60438
280,39.076252,-84.2035475,39828
281,36.3088479,-86.6862916,37115
281,46.292561,-96.12436,56537
282,42.868442,-85.67273,49548
283,36.986766,-81.75302,32210
284,34.023274,-84.422495,30062
285,33.414323,-76.586763,21122
286,31.688927,-71.656464,1532
287,31.089533,-97.729372,76542
287,36.638695,-80.244444,24171
288,39.684407,-85.136879,47331
288,41.014001,-85.120347,46816
289,39.039531,-95.764743,66604
290,29.694586,-96.53837,78934
290,35.855633,-80.065411,27360
291,36.839161,-94.397282,64850
291,25.928265,-80.171269,33162
292,26.125185,-81.762659,55060
293,38.870255,-116.6140707,83651
294,34.556416,-86.995956,35603
294,35.5091166,-97.7256424,73099
295,37.5589096,-90.3197291,63645
295,34.630698,-78.6199,28337
296,34.6971752,-106.7683411,87002
296,33.800975,-117.94235,92840
297,41.933638,-83.744349,49036
297,42.792319,-84.967451,48430
298,45.491296,-122.574818,97266
298,41.128329,-85.006727,46835
299,36.778967,-119.756212,2886
300,30.425341,-84.214277,32311
301,45.541121,-122.420703,46038
302,42.238635,-87.949187,60061
303,35.072895,-92.495185,72034
304,43.618101,-83.456061,83642
304,39.522633,-116.343373,43160
305,35.20219,-84.848963,37312
306,40.836824,-75.988013,18252
306,32.479497,-93.679174,71112
307,31.742491,-106.289318,79936
307,31.869188,-106.432354,79904
308,37.999851,-85.709074,40165
309,28.6495856,-81.4692986,32703
310,30.461987,-84.359237,32304
310,35.005441,-85.149166,37421
311,35.692223,-79.789581,77478
311,29.652058,-95.617417,27203
312,32.288399,-110.965014,85705
312,41.270691,-72.9775,6516
313,30.069345,-97.189608,76182
313,32.906238,-95.214509,77339
314,27.8158476,-82.7813795,33708
315,31.367011,-92.406583,71360
315,44.27772,-83.504371,48763
316,32.590144,-83.612256,35957
317,39.456055,-84.172455,27344
317,35.732122,-79.428301,45036
318,27.0022316,-82.1253186,33948
319,41.494392,-90.402201,61282
320,40.847635,-81.94154,44691
321,38.50661,-90.656737,63025
322,30.268847,-93.179586,70601
322,41.788163,-71.498321,2921
323,35.898133,-79.946037,27263
324,32.423808,-84.945113,44240
324,41.097718,-81.38377,31903
325,36.1231761,-115.24648,89103
325,36.693096,-121.801112,93933
326,39.6139062,-104.8114187,80015
326,39.488698,-84.326818,45044
327,31.895721,-102.332146,79762
327,38.780009,-77.076589,22306
328,42.987657,-88.807863,53549
328,35.752502,-77.929145,27893
329,43.035562,-86.216632,49417
330,37.5589096,-90.3197291,63645
331,42.0679412,-80.1958952,16506
331,35.248406,-97.493277,73069
332,31.178814,-85.404472,36301
332,42.135539,-83.227814,48183
333,43.720249,-70.235287,4105
334,40.822864,-76.84513,17870
335,42.694054,-97.480925,83338
335,25.9524,-114.515088,78526
336,35.511165,-97.976009,73036
336,35.567322,-77.357858,27858
337,40.0822209,-123.134232,19095
338,30.064712,-95.43044,77373
339,37.484701,-86.265657,42754
339,36.145608,-97.049482,74075
340,43.433738,-84.031192,48638
341,39.689426,-83.969609,6790
341,41.8184691,-73.0780037,45385
342,36.368151,-94.224959,32224
342,30.318421,-81.45051,72712
343,36.70562,-119.577659,93657
343,33.358138,-84.120553,30248
344,34.5038374,-97.0041868,73086
344,42.781897,-96.187601,51031
345,32.95882,-96.816127,75248
346,28.136798,-77.023292,32937
347,47.572888,-122.172531,98006
348,44.015765,-88.586283,54904
348,32.921859,-96.840429,75244
349,28.447665,-81.424513,23322
349,36.653773,-76.23355,32819
350,34.699825,-81.1925399,29706
350,35.862402,-78.707124,27612
351,39.656581,-80.859604,26155
352,37.17957,-77.367429,23805
352,38.9296,-77.245276,22182
353,39.852029,-91.682032,52402
354,37.433957,-94.702301,66762
355,38.942711,-104.725347,31326
356,38.8111037,-90.2925148,63033
356,31.083227,-97.787378,76549
357,38.289653,-82.301322,95632
358,25.787081,-80.335317,33126
358,32.344184,-111.016194,85741
359,39.225427,-94.545685,64119
359,38.949789,-104.799763,80920
360,43.572988,-84.760321,48858
361,40.198728,-100.652337,69001
362,36.38752,-105.586256,87571
362,31.786216,-82.364662,31513
363,32.913081,-97.288509,76244
363,30.284709,-90.957223,70769
364,35.06565,-70.516879,72012
365,38.675429,-97.481153,73069
365,35.221587,-121.741011,95776
366,30.260779,-80.3255,70458
367,39.248504,-76.66744,21227
367,38.391338,-121.41621,95757
368,37.979871,-122.328358,94806
369,32.3261145,-90.3046653,38556
370,33.727992,-116.400709,92260
371,33.481376,-84.443322,35016
372,40.0822209,-75.168467,19095
373,30.106968,-95.233615,77365
373,41.7424997,-74.3706537,12458
374,42.926573,-88.110317,53150
375,42.119505,-77.204574,60110
376,32.983093,-96.611927,75048
377,35.978113,-77.812272,27804
378,33.9333,-84.3332,30338
378,34.948143,-120.4527076,93458
379,30.501713,-85.265283,70401
379,38.21018,-90.494371,40065
380,28.962586,-81.96487,34491
381,44.290001,-93.306053,46410
382,40.479321,-86.103923,46901
382,40.726907,-73.543756,11554
383,35.4528545,-84.6315904,37303
383,40.992839,-74.311823,7457
384,36.030222,-90.52319,34748
385,42.859824,-71.759878,14456
386,30.704493,-86.125068,32433
386,41.978433,-78.608937,16701
387,41.407877,-73.412984,6810
387,31.331719,-92.405713,71360
388,40.071845,-83.213465,41701
388,37.29907,-86.479887,46052
389,32.739723,-96.306024,75160
389,33.39392,-111.92791,85282
390,38.988376,-84.401131,41001
390,33.055436,-96.767634,75023
391,35.136734,-86.564496,37334
392,33.720124,-84.934926,30180
392,39.227839,-83.621758,45133
393,42.237645,-72.27897,1082
393,41.7402659,-87.632945,60620
394,37.2458298,-77.3863435,23834
394,35.608001,-78.555405,27529
395,41.59913,-89.782679,38133
395,35.207083,-87.842939,60487
396,39.977681,-76.671561,17402
397,32.333083,-96.135327,75156
397,39.909219,-86.2164311,46268
398,34.662934,-120.465113,93436
399,37.660652,-72.537633,6042
399,41.806569,-97.554652,67052
400,33.432882,-84.184909,30253
401,40.12739,-75.40152,19403
402,42.069294,-87.923386,60056
403,29.4709045,-90.3243205,70345
404,33.806034,-117.229378,92571
404,42.544286,-83.172576,48084
405,29.666925,-95.100045,77571
406,35.264918,-77.646169,28504
407,36.248722,-90.963337,72455
407,38.411762,-121.391694,95758
408,38.697339,-77.789836,11554
408,40.726907,-73.543756,20186
409,38.358741,-82.59856,33615
410,41.43277,-90.155134,61254
410,39.141343,-86.579988,47403
411,35.711749,-96.842036,74834
412,33.757277,-81.173508,30032
412,31.980865,-84.268408,31419
413,46.908396,-102.787045,28704
414,33.589118,-91.552968,79416
414,42.033289,-101.93805,52302
415,32.473542,-84.312878,30316
416,37.652043,-77.608163,23060
417,35.692223,-79.789581,27203
417,36.332473,-94.126607,72756
418,32.423808,-84.945113,31903
419,42.4479441,-85.6726152,49080
419,32.913081,-97.288509,76244
420,26.167944,-80.254227,33351
421,47.105989,-122.29724,98375
421,33.819473,-117.908042,92805
422,29.133441,-82.693067,78016
423,46.341881,-94.249555,19560
423,40.41759,-75.920373,56425
424,39.358593,-72.155068,6385
424,41.37055,-79.996556,26354
425,41.080522,-99.799311,60901
426,32.393736,-94.865301,75662
427,35.692223,-79.789581,27203
427,36.805056,-114.107043,89027
428,35.978113,-77.812272,27804
429,40.201449,-87.627697,61834
430,36.027632,-95.947007,74137
430,35.110211,-106.700726,87120
431,30.752617,-85.54706,32428
431,40.224885,-76.928412,17011
432,32.501376,-85.043413,36867
433,33.898037,-94.803528,74745
433,37.3294193,-80.7085388,24134
434,37.042359,-95.579038,95037
434,37.149211,-121.655172,67337
435,42.015255,-88.1481438,29440
436,33.016016,-97.071956,75022
437,39.767969,-84.633418,45320
438,33.424433,-82.062901,30906
439,41.190112,-87.846595,60914
439,31.178814,-85.404472,36301
440,33.88378,-84.218458,30084
441,45.032923,-92.831595,55082
441,30.399387,-89.019442,39507
442,39.938592,-75.044627,8002
443,34.291348,-92.397163,72150
444,38.573605,-94.857295,66071
444,44.860771,-93.265676,55420
445,45.570271,-93.197832,55008
445,34.028451,-84.658026,30152
446,40.3089103,-79.5813259,15601
447,36.020391,-115.245431,89178
447,34.254593,-88.714719,38801
448,28.515333,-81.462791,32811
448,40.782333,-80.383772,15010
449,40.351079,-75.630465,19505
450,43.1222318,-103.198186,53225
451,35.220709,-82.503907,72936
452,37.337928,-80.123894,33009
453,38.781105,-93.735334,64093
454,47.842328,-90.023756,39232
454,32.350704,-122.299477,98037
455,44.959151,-92.72713,54016
456,43.516817,-96.773461,57106
457,37.068529,-84.623456,42501
458,47.167646,-94.277772,98391
458,36.507892,-122.171764,64856
459,39.773528,-85.976523,46229
460,45.100635,-93.385189,55445
460,40.316345,-79.686301,15642
461,55.375474,-131.720399,99901
462,32.775799,-91.870221,71220
462,46.422883,-117.049459,99403
463,36.817489,-83.318374,40831
464,42.012834,-87.719145,60076
465,35.38984,-86.239908,37388
465,41.012502,-92.455508,52501
466,30.064712,-83.476707,77373
467,30.185352,-81.609265,32257
468,38.102544,-85.866119,40272
469,42.791693,-96.936202,57069
469,35.969754,-77.933938,27856
470,40.658211,-80.226573,15005
470,41.238029,-73.03147,6460
471,30.268847,-93.179586,70601
471,41.697155,-93.011703,50208
472,36.911771,-93.903147,65708
472,46.694534,-92.106919,54880
473,40.672452,-75.342024,18020
474,36.156162,-115.079671,89104
474,42.056567,-87.835428,60714
475,42.851375,-106.266907,82609
476,35.047606,-89.811353,38125
476,40.098894,-111.613379,84660
477,31.270914,-92.487231,71301
478,43.319893,-73.612395,12804
479,33.767907,-116.95555,92583
480,40.612665,-74.24755,7036
481,37.7679224,-83.609231,40143
481,36.439395,-86.4434498,37825
482,32.178956,-83.177707,31023
482,36.194611,-115.226021,89108
483,35.470025,-78.981088,74426
483,33.64698,-95.534337,29575
484,28.540478,-71.113093,1864
485,35.320606,-78.648261,28339
485,36.721028,-76.309264,23322
486,31.836124,-106.565677,79912
487,33.518642,-88.439114,39705
488,38.256797,-82.429866,25570
488,29.087437,-82.251193,34476
489,40.291173,-75.264154,19440
489,35.680662,-81.230668,28658
490,29.92518,-90.070085,70130
491,35.370037,-87.835428,93312
492,34.948143,-90.574504,63020
492,38.150177,-120.4527076,93458
493,45.032923,-92.831595,55082
493,40.201449,-87.627697,61834
494,39.71992,-90.270971,39532
494,30.443181,-88.945247,62650
495,32.340452,-86.175231,36116
496,38.5404591,-81.927722,24211
496,36.714643,-90.9952384,63090
497,38.5404591,-97.465846,63090
498,25.4576229,-80.4731368,33034
498,26.650413,-80.110786,33406
499,32.788794,-96.599162,39440
500,32.501376,-85.043413,36867
500,33.942955,-78.032339,28461
501,47.704135,-117.030828,83854
502,43.500863,-83.384718,48723
503,25.570918,-86.7140176,37115
504,39.729508,-75.035783,8012
505,38.26173,-93.3713094,65355
505,35.976279,-84.011022,37921
506,37.134096,-88.989563,38851
506,33.894702,-93.299435,65802
507,28.060008,-81.816058,33823
507,31.4452218,-85.6507187,36360
508,40.7878265,-76.5051024,17866
508,37.550407,-77.451808,23284
509,31.178814,-85.404472,36301
509,32.745312,-96.445649,75126
510,43.714983,-87.754467,68801
511,31.624849,-84.213742,31707
511,33.107622,-82.024684,30830
512,41.883457,-80.749532,44004
512,40.225071,-74.085199,7753
513,39.475754,-118.80654,89406
513,32.282537,-95.330447,75703
514,41.965241,-84.668345,49250
514,45.772387,-122.549467,98604
515,35.794678,-80.259545,27292
516,40.073985,-116.901748,92021
517,39.079977,-84.888781,55811
517,46.817374,-92.18404,47001
518,38.157362,-85.836005,40216
519,29.500938,-99.474166,78254
520,37.748171,-88.971464,62959
520,35.814212,-86.447192,37128
521,33.391531,-111.699115,85206
521,35.781341,-81.394266,28630
522,34.677408,-88.56422,38829
522,45.350211,-84.974067,49770
523,35.703335,-79.873406,28787
524,37.241729,-93.258694,65803
525,36.3834062,-79.6670644,27320
526,36.714643,-81.927722,24211
527,30.06285,-90.549868,72472
528,42.8947328,-70.8664579,3874
529,39.330546,-93.352393,63334
529,37.180349,-91.181652,65807
530,39.7427258,-77.5282037,17268
531,32.853507,-91.395153,71263
531,41.972503,-73.985511,12401
532,33.940766,-82.794907,41858
532,37.117108,-118.049799,90670
533,39.983447,-83.145016,43228
533,32.5734336,-96.8577324,75115
534,25.9935839,-117.294445,33025
535,31.777143,-106.384345,56482
536,37.482281,-105.904108,81101
536,32.493877,-86.398425,36054
537,40.657293,-83.583847,43326
538,37.899113,-76.207306,40356
538,36.862881,-84.561954,23502
539,27.715137,-82.332629,32904
540,34.14914,-96.9444264,75249
541,41.60974,-83.612969,43614
542,46.7033486,-92.4518609,55720
542,32.861746,-79.788225,29466
543,40.028409,-82.45211,43056
544,39.8442693,-92.677779,71463
544,30.793455,-75.0915553,8096
545,40.131079,-74.226408,7731
546,33.034819,-80.153299,32765
546,28.613388,-81.209065,29483
547,36.904509,-94.880384,74354
547,26.932272,-82.310316,34224
548,45.147843,-122.880034,55008
549,28.701256,-100.480817,78852
549,28.540478,-81.275989,32825
550,28.283389,-82.718394,32119
551,40.303211,-74.676952,8540
552,39.336616,-76.400912,21220
552,38.199176,-85.667473,40218
553,26.1477897,-75.393081,78586
553,40.286715,-97.6344279,19438
554,37.020959,-94.811755,42141
555,35.138917,-79.733948,27288
556,37.979363,-84.531084,40503
557,29.045462,-95.459088,77566
557,42.031916,-91.682032,52402
558,41.057471,-83.594348,45840
559,33.943652,-83.444484,30606
560,41.86174,-87.8176469,60130
560,40.986535,-76.01243,18202
561,33.819473,-117.908042,92805
561,35.009675,-79.175234,28376
562,40.670612,-111.989018,84120
563,37.461433,-121.9855022,24572
563,37.3900085,-79.115598,95054
564,38.96574,-94.668832,66212
565,33.233185,-97.168051,76201
565,35.565024,-97.547591,73120
566,29.623667,-90.747928,75020
567,34.413887,-90.818157,91350
567,29.774315,-118.506124,70301
568,28.359625,-80.668453,46953
568,40.530175,-85.676774,32952
569,31.487916,-87.633528,76903
569,41.540572,-100.460659,60430
570,32.185694,-110.953398,85713
570,32.9673153,-80.2036081,29485
571,42.496892,-75.526931,13815
571,48.554783,-109.737138,59501
572,32.664652,-97.405728,76132
572,33.212574,-86.828967,35007
573,32.895003,-97.286601,76244
574,35.771244,-83.99179,37701
574,39.7110384,-86.1191817,46227
575,26.22791,-80.155019,33069
575,36.308937,-82.403788,37604
576,26.489084,-80.121275,33436
577,41.580699,-90.524339,52807
578,33.450048,-104.526774,88201
579,44.841719,-73.0897182,5478
579,42.590599,-114.482885,83301
580,41.583497,-87.716127,60478
581,41.112105,-83.221498,44883
582,38.232244,-104.664911,81005
582,39.193917,-78.205538,22603
583,38.358741,-90.157744,62298
584,27.316246,-80.380818,34986
585,33.803041,-84.411781,30318
585,29.5186849,-98.6333388,78250
586,36.241189,-91.596294,72513
586,39.083457,-108.474014,81504
587,29.045462,-95.459088,99901
587,55.375474,-131.720399,77566
588,45.4316286,-122.7551918,97223
589,33.432882,-84.184909,30253
590,41.745338,-88.198078,60564
591,28.3438221,-81.94154,44691
591,40.847635,-81.3860316,34744
592,45.40009,-92.603656,54024
592,40.564127,-76.012249,19526
593,36.372286,-94.189049,72712
594,35.364395,-97.531285,52302
595,45.963776,-112.510563,59701
596,38.74038,-89.032578,38652
596,34.492946,-104.736761,80817
597,33.9333,-112.1700005,85302
598,38.9837453,-94.4593203,64138
598,34.1380983,-80.9663092,29203
599,38.864222,-91.945748,65251
599,38.957531,-77.002461,20011
600,40.509163,-112.01151,84096
601,33.943652,-83.444484,30606
602,34.588589,-94.225872,71953
602,29.911302,-90.020477,70114
603,31.79581,-104.990371,80547
603,40.52654,-106.229737,79938
604,34.174418,-119.179256,93033
605,40.515671,-80.224153,15108
605,32.862849,-96.754838,75231
606,39.224556,-84.591605,45239
606,32.793803,-96.689232,75228
607,44.492673,-89.50967,54467
608,37.807978,-94.708671,66701
608,47.6584886,-117.3377956,99212
609,21.3419649,-158.075334,96707
610,43.312655,-90.349051,53581
611,39.86797,-105.056732,80031
611,38.80758,-104.758479,80916
612,36.596821,-79.430521,24540
612,33.713791,-112.201314,85310
613,38.3352206,-92.5838242,65026
613,46.678925,-122.979138,98532
614,36.280919,-94.151696,72758
614,42.012119,-92.908946,50158
615,34.751438,-90.524339,52807
615,41.580699,-77.464564,28540
616,26.436375,-80.124371,33484
616,36.044977,-95.903172,74133
617,38.332009,-85.759053,65616
617,36.670219,-93.229928,47129
618,39.95167,-83.826452,45504
619,43.196977,-77.927723,14420
619,29.559137,-98.678566,78023
620,38.829015,-81.719331,25271
620,42.249781,-84.4345706,49202
621,47.233071,-123.125644,98584
622,34.45249,-86.948782,68124
623,26.348262,-81.833799,32068
623,30.105744,-80.200616,33428
624,36.668028,-87.440031,42262
625,38.134491,-96.601788,24401
625,40.848885,-79.04839,68507
626,28.458334,-82.631272,34606
627,42.121102,-71.030085,2322
627,35.022153,-89.830391,38125
628,30.271548,-81.757048,32210
629,37.045555,-100.94108,67901
630,33.135681,-79.042438,92069
630,34.623515,-117.123423,28358
631,29.015677,-80.993665,32168
631,40.4897474,-89.0415186,61705
632,33.2420091,-92.6686538,71730
633,38.784658,-83.564806,45693
634,30.189946,-88.810955,38301
634,35.551073,-95.588165,77382
635,32.270558,-107.747058,88030
636,39.979913,-75.933743,19365
637,29.9780086,-95.1931345,77346
638,36.413982,-89.080451,38261
638,33.3788255,-82.0730206,30815
639,37.2900499,-80.0890274,24153
640,37.321668,-121.973182,95129
641,39.83948,-89.600888,62702
642,34.548085,-83.283794,30538
643,26.057251,-89.080451,34114
644,36.3893179,-81.4811689,28694
644,38.8111037,-90.2925148,63033
645,45.049086,-93.064426,55127
645,42.4691915,-122.8138922,97524
646,35.008324,-74.062491,7608
646,40.8626458,-85.205136,37411
647,41.64066,-81.44688,44095
648,27.715137,-83.529854,33598
648,35.862115,-82.332629,37862
649,34.20044,-86.444966,36420
649,31.32176,-110.015671,85901
650,43.570315,-90.886168,54665
650,32.832703,-109.730199,85546
651,30.793589,-89.865094,70427
651,39.502476,-86.066193,46131
652,34.677408,-88.56422,38829
652,38.004763,-84.571831,40513
653,37.137067,-93.343274,65810
653,36.1752349,-94.557579,72761
654,34.9547985,-85.2447285,30742
655,36.705873,-121.668832,93907
656,33.501291,-81.956733,29841
657,37.7679224,-86.4434498,40143
657,38.339359,-75.162617,21811
658,26.191058,-75.759593,18640
658,41.315535,-98.131301,78516
659,39.7783555,-112.234138,85308
659,33.65067,-86.2632921,46224
660,26.62088,-81.937051,33990
660,39.722231,-105.080398,80226
661,44.959151,-98.1518,54016
661,26.271279,-92.72713,78542
662,35.18974,-101.793388,79103
662,34.196077,-101.75319,79072
663,36.159391,-95.883238,74112
664,27.552401,-99.506573,33073
664,26.318786,-80.200351,78041
665,39.6458746,-79.9985471,26501
666,36.580158,-87.412899,37042
666,43.189246,-76.242531,13090
667,41.461581,-81.692713,44109
668,39.673462,-104.811188,80014
669,41.295443,-91.66222,52353
670,40.125971,-84.617221,45331
671,32.525782,-92.098424,71201
671,39.039531,-95.764743,66604
672,39.475754,-118.80654,89406
673,35.928486,-81.530125,28645
673,41.2013398,-73.1187591,6614
674,35.911682,-83.843913,37920
674,42.033289,-91.552968,52302
675,33.790787,-117.964352,92841
676,45.6239,-122.562,98664
677,37.786284,-89.028816,62948
678,40.108516,-83.715962,43078
678,33.7745093,-84.6010619,30122
679,41.8186521,-90.2426849,52732
680,40.862191,-82.271284,44805
680,40.762155,-82.594877,44906
681,32.501376,-85.043413,36867
681,42.588593,-72.284156,1364
682,40.162702,-97.175372,68352
683,35.293849,-97.606446,73065
683,29.416963,-98.679557,78245
684,30.255199,-98.852523,78624
684,47.572888,-122.172531,98006
685,36.948807,-86.433446,42104
686,29.573864,-98.236619,78108
686,32.084845,-110.776057,85747
687,29.573505,-95.568028,77459
688,34.08896,-83.989918,30519
689,30.2262571,-85.6462476,32444
690,37.322584,-79.252851,24502
690,34.995904,-85.245885,37412
691,33.857892,-79.091184,29526
691,39.046101,-94.367039,64055
692,39.863295,-84.09821,45424
693,39.586924,-106.096315,80443
694,32.97197,-99.799311,79553
694,29.8539052,-95.5090766,77040
695,37.755204,-77.459698,44460
696,41.29143,-73.112949,6484
696,42.7854,-73.941664,12303
697,38.54105,-92.118674,65101
698,36.183467,-94.512608,72761
699,38.639191,-76.894969,20601
699,32.629821,-97.407583,76123
700,36.562992,-88.271336,37660
701,33.518173,-81.71954,29803
702,37.196415,-93.296293,65807
703,39.311522,-84.318642,45040
703,42.285163,-71.656464,1532
704,39.699876,-86.4169154,46168
705,37.350273,-77.482847,32534
705,30.532744,-87.3145137,23831
706,40.387242,-79.824695,15137
706,30.886011,-87.790076,36507
707,33.680298,-112.276167,85382
707,27.996642,-80.641827,32907
708,33.599042,-85.832144,33063
709,32.761895,-98.946751,76424
709,41.763311,-89.687013,61071
710,37.860092,-82.730111,25601
710,27.839946,-82.044407,33781
711,40.927754,-78.980652,15767
712,36.206597,-83.316028,37814
713,40.555853,-76.79168,73521
714,35.12473,-107.825679,59501
715,29.8539052,-95.5090766,77040
715,35.193337,-97.422127,73071
716,30.778436,-81.618596,31558
717,35.144791,-81.959531,33803
717,28.000741,-106.549888,87111
718,33.324294,-91.797421,70563
719,36.357486,-95.230798,77511
719,29.421683,-94.214669,72712
720,28.0617993,-82.5521633,33625
721,29.61355,-95.644533,77478
721,34.979292,-81.089807,29732
722,34.065136,-117.222895,92373
722,40.515671,-80.224153,15108
723,35.4528545,-84.6315904,37303
724,42.882479,-84.895833,31909
724,32.552444,-78.694009,14043
725,29.235156,-99.754271,78801
725,41.7218,-87.6862,60805
726,38.680872,-121.787924,95695
727,42.591163,-88.411543,53147
727,38.2790814,-122.0352432,94533
728,42.605454,-87.884157,53144
728,33.713791,-112.201314,85310
729,32.842692,-97.24635,76180
730,41.558358,-105.09877,50266
730,40.205184,-93.797575,80504
731,29.536019,-98.333469,78109
732,32.227952,-84.325777,30513
733,35.925361,-79.988961,27263
734,31.896254,-106.438215,79924
735,32.651877,-117.094289,91910
736,39.808346,-74.927725,8091
736,37.30072,-79.960692,24012
737,37.291593,-121.9887,95129
737,33.869614,-112.154941,85086
738,38.494602,-90.29602,63125
738,36.036758,-94.256232,72730
739,45.365936,-122.833583,97140
740,33.059904,-110.908802,30240
740,32.25197,-85.031485,85712
741,32.962318,-96.642557,75040
741,30.641564,-88.189278,36609
742,35.174254,-78.965777,28390
742,39.854824,-75.024256,8083
743,43.291583,-91.753709,52101
744,30.086635,-97.825017,78610
745,32.207348,-75.858654,18702
746,35.460395,-85.043829,37321
746,27.15702,-80.218683,34997
747,39.249276,-84.42986,45241
747,33.840982,-83.911143,30052
748,38.923672,-95.256869,66046
748,42.206278,-85.879254,49079
749,42.015255,-88.1481438,60107
749,29.6040327,-98.2749599,78154
750,33.720124,-84.934926,30180
751,27.523773,-115.245037,34221
752,41.188708,-79.396144,16214
753,39.624903,-78.835052,21502
754,42.9540567,-93.750585,13021
755,29.421683,-95.230798,77511
755,40.085707,-82.430723,43055
756,31.939592,-84.253058,36784
756,36.0088,-87.739498,37830
757,44.931509,-123.306736,97338
757,42.513919,-83.61331,48165
758,40.6917441,-82.5079544,48604
759,31.089533,-72.678888,76542
760,29.4878928,-98.5377275,78213
760,41.935116,-71.08582,2767
761,45.1599696,-83.759967,55014
762,46.033222,-118.384132,99324
762,47.865754,-121.972124,98272
763,32.747175,-94.93762,39180
764,46.857733,-100.768147,58503
764,34.073315,-117.886899,91791
765,41.265902,-110.953877,82930
766,33.9333,-84.3332,30338
766,30.005604,-90.037914,70126
767,33.894702,-88.989563,38851
768,36.3342,-86.446599,72712
769,39.018965,-96.820674,66441
770,34.0649845,-106.8895603,47403
771,44.478239,-103.809596,57783
772,36.260369,-115.181684,89031
773,35.277323,-81.529863,28152
773,41.014001,-85.120347,46816
774,39.453074,-83.779125,45177
774,40.811786,-73.289495,11725
775,35.2179,-93.166461,72834
775,39.852029,-75.448983,19061
776,34.972966,-81.877488,29307
776,38.435223,-78.853029,22801
777,36.058129,-95.817643,74012
778,27.193124,-82.486076,13421
779,42.137766,-84.2967,60074
780,27.829339,-80.481738,32958
780,33.796641,-111.962216,85331
781,36.131739,-86.907819,37209
782,34.2801955,-83.8752864,30504
782,33.922428,-84.085591,30044
783,33.998141,-81.224767,29072
783,41.72195,-85.978848,46514
784,43.051597,-77.057757,14513
784,35.109522,-106.517784,87112
785,38.76932,-77.136059,22315
785,37.979363,-84.531084,40503
786,33.504905,-82.086122,30907
786,43.094308,-78.978894,14304
787,40.413229,-77.023292,17050
788,37.134096,-93.299435,65802
789,30.064353,-95.405982,77373
790,37.550407,-77.451808,23284
791,36.020391,-115.245431,89178
792,39.496607,-121.57343,78660
792,30.453633,-97.607004,95965
793,38.865459,-86.514975,47421
794,36.0599933,-87.3812037,37055
795,35.818159,-87.999849,60561
795,41.748743,-78.844998,27560
796,35.097961,-78.918123,2081
797,46.7033486,-79.946037,55720
797,35.898133,-92.4518609,27263
798,39.612001,-75.504647,8070
798,33.552575,-117.192629,92562
799,29.547492,-98.308116,78148
799,29.774315,-90.818157,70301
800,31.679967,-106.200828,79928
801,33.702814,-76.189303,23464
802,47.713801,-97.411356,76052
803,39.037642,-94.2697,64014
803,36.002186,-79.799652,27406
804,36.84596,-92.908946,50158
804,42.012119,-86.916529,42276
805,44.656618,-124.054416,97365
806,42.987657,-88.807863,53549
807,40.342207,-75.978374,19610
807,38.8111037,-90.2925148,63033
808,19.646268,-155.99092,96740
809,42.8255173,-71.1111482,84014
809,40.919007,-111.883825,3865
810,40.870859,-81.433352,44720
811,34.817941,-87.656437,35630
811,35.462588,-97.389579,73110
812,35.239523,-96.86175,87124
813,35.247101,-91.687166,72143
814,39.415132,-87.690846,62441
814,38.783942,-85.377601,47250
815,34.494271,-93.040121,71901
816,32.288399,-110.965014,85705
816,43.125152,-95.152506,51301
817,35.046249,-84.055165,45431
817,39.772625,-80.993615,29708
818,33.98091,-84.463068,30062
818,43.650236,-116.436338,83646
819,35.096683,-80.782272,65548
820,46.694534,-92.106919,6111
820,41.663123,-72.718375,54880
821,39.684407,-85.136879,47331
822,33.025001,-96.511518,75098
823,38.580049,-92.219907,65109
823,33.664699,-95.505897,75462
824,27.315215,-90.52319,34986
825,31.089533,-97.729372,76542
825,39.891437,-82.040887,43701
826,32.531894,-94.78483,75604
826,29.59176,-98.355813,78247
827,39.601791,-87.681094,6810
827,41.407877,-73.412984,61944
828,36.372286,-94.189049,75033
829,27.453311,-99.474166,78046
830,31.089533,-97.729372,76542
831,30.258479,-94.216602,77657
831,43.095414,-75.312346,13413
832,35.819671,-79.822953,27317
833,39.604775,-90.822308,62363
833,37.823253,-82.825463,41240
834,34.834244,-87.625236,75407
835,42.012834,-87.719145,6475
835,41.296828,-72.38155,60076
836,34.6971752,-106.7683411,87002
836,38.528764,-122.79005,95492
837,39.046101,-94.367039,64055
837,37.602992,-77.522046,23230
838,31.8670328,-89.7472559,28451
838,34.209879,-78.023068,39111
839,42.473368,-96.430044,68776
840,34.242149,-77.8741594,28403
840,47.894532,-122.2558117,98204
841,27.513088,-81.497158,33870
841,35.38984,-86.239908,37388
842,33.90295,-84.110453,30047
842,25.935789,-80.29576,33015
843,39.407965,-103.160521,88240
844,46.712044,-117.175627,99163
845,36.376777,-78.984788,27573
845,29.8979437,-95.6831967,77433
846,36.959408,-82.482406,65608
847,38.436729,-90.377786,37312
848,44.291594,-82.732518,33765
849,32.970025,-111.9752,84095
850,35.819671,-79.822953,36054
851,36.483717,-86.888493,37172
851,26.610823,-81.814048,33966
852,41.008702,-76.485292,17815
853,45.62615,-86.40034,49431
854,37.978619,-87.407594,17044
855,45.4316286,-122.7551918,44505
856,41.420513,-81.754117,44130
857,33.561222,-95.3129339,29801
857,29.7162189,-81.767261,77023
858,32.703367,-97.428115,76116
859,32.666757,-97.209309,76017
860,32.835031,-85.178726,36854
860,37.979871,-122.328358,94806
861,42.96419,-71.485444,3110
862,38.80882,-94.893071,66030
863,35.364078,-94.37876,72903
864,29.9590023,-89.9839444,70043
864,47.52661,-111.296587,59404
865,27.8158476,-82.7813795,33708
866,36.413982,-89.080451,38261
866,39.083457,-108.474014,81504
867,44.708186,-75.456123,13669
867,33.216703,-96.735578,75071
868,31.270914,-92.487231,71301
869,31.578974,-81.414975,31705
869,28.428206,-84.086699,32837
870,31.320306,-89.461783,75835
870,40.630189,-95.434461,61550
871,29.784042,-95.804025,77494
872,39.144796,-121.653902,49024
873,39.940379,-95.964357,74447
874,38.510098,-90.438772,63026
874,46.791635,-100.749948,58504
875,29.133441,-98.894305,78016
875,26.236042,-98.205346,78501
876,40.810122,-77.89739,16803
877,33.664699,-95.505897,75462
878,38.668326,-121.167602,95630
878,48.111047,-123.362177,98362
879,39.128256,-84.597178,45238
879,42.345046,-87.898468,60085
880,33.898037,-94.803528,74745
880,30.477863,-87.308317,32526
881,39.887629,-86.118971,46240
882,40.370349,-78.432848,16635
883,30.556986,-84.595535,32351
884,26.205328,-80.244444,33068
884,36.638695,-80.229699,24171
885,26.710328,-80.150281,33411
886,45.515722,-122.89821,97006
887,40.623175,-79.946528,61550
887,40.630189,-89.461783,15044
888,35.243593,-81.124876,28054
889,42.033289,-91.552968,52302
889,32.48368,-93.705344,71105
890,38.36144,-122.692596,94928
890,34.078384,-83.921922,30519
891,32.934593,-80.689624,29488
891,41.845607,-71.416056,2904
892,30.64515,-97.692098,78628
892,42.136021,-72.506862,1119
893,38.4342477,-85.450252,36830
894,32.882514,-97.386969,78382
895,34.487945,-82.678139,29624
896,40.800592,-73.178586,72211
896,34.748243,-92.410566,11749
897,40.866688,-74.100931,7026
898,34.964734,-94.652353,38637
899,42.159486,-79.968079,16421
900,28.555379,-96.46793,32780
900,32.931345,-80.842668,75087
901,42.159486,-79.968079,33071
902,32.400301,-83.336257,31701
903,33.638953,-86.629165,35235
903,34.1380983,-80.9663092,29203
904,38.037703,-89.459003,38635
904,34.7466316,-84.422031,40509
905,30.6250365,-87.9046017,36526
905,27.959261,-82.748295,33765
906,40.0262886,-88.682353,39301
906,32.389466,-79.8989883,15417
907,34.90851,-82.332431,32218
907,30.477426,-81.638694,29687
908,36.020391,-117.083014,89178
908,32.606887,-115.245431,91911
909,43.714983,-87.754467,53081
909,39.578766,-79.959297,26508
910,38.666161,-94.369474,64701
911,40.772792,-85.168326,46714
911,32.5882987,-96.9245811,75104
912,35.094581,-94.628209,74953
912,45.980168,-94.337543,56345
913,39.859194,-86.39654,46112
914,35.028039,-90.793582,72335
914,34.1380983,-80.9663092,29203
915,33.562105,-86.518619,35094
916,30.392334,-88.995008,39531
916,29.348167,-98.433521,78223
917,30.293263,-91.910347,70517
917,33.6555402,-117.9870451,92648
918,34.8284813,-82.5494312,29640
918,27.996875,-82.439696,33610
919,43.684941,-98.009732,57301
919,35.015665,-85.376526,37419
920,35.221587,-97.481153,73069
920,45.189871,-93.878478,55313
921,43.291583,-110.260441,52101
921,31.560187,-91.753709,85635
922,34.112862,-84.584433,30189
922,41.214831,-96.114293,68137
923,27.834467,-82.682197,33781
923,41.305318,-84.364403,43512
924,34.157361,-81.937051,33990
925,34.76783,-84.92994,30721
926,38.900475,-77.011954,20001
927,39.742724,-78.432848,80214
927,40.370349,-105.079342,16635
928,30.392334,-88.995008,39531
929,39.723234,-121.804955,95928
929,39.711341,-84.201791,45439
930,26.301269,-98.181031,78539
931,31.750245,-93.066686,36695
931,30.6781469,-88.2225698,71457
932,44.951553,-116.215202,56265
932,33.698811,-95.689822,92236
933,40.68772,-83.652427,16066
933,41.354048,-80.105554,43402
934,35.950968,-83.940335,37919
935,36.040217,-74.2999066,7083
935,40.6870876,-79.770824,27406
936,39.9269568,-83.1205358,43228
936,33.025001,-96.511518,75098
937,41.697155,-95.595268,75482
938,26.62088,-81.937051,33990
939,37.063426,-113.587387,84790
940,32.393959,-118.384132,88220
941,41.583495,-71.98949,6351
941,33.637368,-86.684495,35215
942,37.660652,-97.554652,67052
942,39.488698,-84.326818,45044
943,41.116694,-77.480536,17751
943,40.780681,-124.190507,95501
944,42.801879,-71.2385,3079
944,42.660563,-83.467685,48386
945,44.163908,-93.950642,46038
946,38.134491,-79.04839,24401
946,44.023733,-121.317387,97702
947,43.800259,-123.043331,97424
948,38.612933,-86.083814,47167
949,38.931599,-122.616359,95422
949,38.889104,-77.443029,20151
950,27.893098,-82.764218,33771
951,30.642342,-97.03214,76567
952,32.136724,-111.000556,85746
953,39.035564,-94.641175,66205
954,33.008051,-80.047046,29445
955,32.526989,-92.113661,71201
956,34.882808,-82.355327,29615
957,34.454531,-93.060534,71913
957,32.432088,-97.780249,76048
958,39.046101,-94.367039,64055
958,36.805056,-114.107043,89027
959,42.538338,-83.032619,48312
960,29.844264,-95.644835,77084
961,37.652043,-77.608163,23060
961,43.48974,-83.969334,48604
962,32.731829,-96.615424,75180
962,40.583976,-122.34324,96003
963,37.925334,-89.804487,45005
963,39.566297,-84.277752,62233
964,38.573605,-94.857295,66071
965,36.714712,-91.870322,65775
965,30.793589,-89.865094,70427
966,33.177006,-83.444484,30606
967,33.480162,-117.094503,92592
967,33.755828,-84.413627,30314
968,29.5164259,-76.506222,23602
969,29.573345,-117.402109,77581
969,47.741455,-95.283131,99218
970,34.78855,-86.958843,13662
971,32.333377,-96.620823,75119
971,30.561997,-90.95876,70706
972,38.635584,-121.506013,95834
972,33.985005,-118.105078,90660
973,33.872491,-117.908042,90703
974,42.033289,-91.552968,52302
975,41.354048,-83.652427,77506
975,29.693435,-95.210378,43402
976,28.155373,-82.356616,98632
976,46.153058,-122.983947,33647
977,41.244171,-96.025545,68124
978,39.699603,-96.672346,46203
979,41.266577,-82.22378,44074
980,39.569337,-89.314967,62568
980,37.400469,-76.528717,23061
981,41.78391,-85.424951,76108
981,32.765568,-97.484281,49091
982,38.639191,-76.894969,20601
982,42.199521,-70.944198,2188
983,42.137766,-121.820361,95620
983,38.471927,-88.017854,60074
984,33.719115,-84.312878,30316
985,34.20044,-110.015671,85901
985,39.037642,-94.2697,64014
986,39.268764,-94.930386,95661
986,38.747165,-121.256983,66048
987,38.814137,-90.879016,63385
988,42.8270741,-103.0221246,69337
989,38.988635,-90.982017,63379
989,45.021718,-93.183443,55113
990,48.2888983,-85.6857848,49009
991,38.070078,-97.892255,67501
992,39.673462,-104.811188,80014
993,34.444031,-118.576072,91355
993,29.05658,-82.276131,34481
994,32.912532,-112.341401,30286
994,34.592452,-84.333816,86314
995,35.277323,-92.645849,65536
995,37.663493,-81.529863,28152
996,44.426709,-71.194051,3581
996,34.54509,-82.632837,29621
997,43.162076,-88.730179,53094
998,37.663493,-92.645849,65536
998,44.779317,-88.5804,54166
999,46.864665,-96.865768,58103
999,38.142543,-85.586846,40291
