151
357
483
489
558
587
592
595
596
597
598
600
601
603
609
610
611
617
840
843
905
965
970
977
981
986
988
989
991
999
1012
1014
1044
1047
1079
1081
1082
1083
1085
1087
1097
1105
1113
1115
1125
1131
1137
1142
1146
1157
1166
1184
1185
1187
1191
1192
1199
1205
1211
1225
1226
1227
1228
1233
1234
1238
1241
1242
1244
1250
1252
1258
1262
1264
1276
1278
1279
1281
1283
1285
1286
1287
1288
1291
1292
1297
1298
1299
1302
1313
1319
1334
1335
1341
1343
1361
1390
1391
1405
1407
1418
1431
1432
1435
1442
1459
1460
1463
1464
1465
1467
1480
1483
1491
1495
1507
1515
1528
1544
1549
1550
1552
1556
1560
1568
1574
1575
1580
1590
1592
1593
1598
1599
1600
1602
1603
1607
1612
1614
1618
1619
1620
1624
1625
1631
1636
1638
1641
1648
1649
1652
1655
1659
1663
1664
1670
1672
1675
1676
1680
1682
1683
1685
1686
1692
1693
1695
1697
1701
1702
1705
1706
1707
1710
1714
1715
1716
1718
1721
1726
1728
1729
1730
1731
1739
1741
1744
1746
1750
1751
1753
1754
1755
1759
1760
1761
1763
1765
1767
1772
1773
1778
1783
1784
1785
1787
1789
1797
1798
1799
1800
1802
1803
1805
1813
1814
1816
1819
1820
1821
1822
1823
1834
1836
1837
1839
1847
1850
1852
1854
1857
1861
1864
1865
1867
1871
1874
1875
1877
1878
1879
1880
1884
1886
1889
1894
1895
1897
1898
1899
1901
1902
1903
1904
1905
1908
1910
1912
1914
1917
1922
1923
1927
1930
1932
1934
1938
1940
1941
1942
1943
1945
1948
1949
1950
1951
1953
1959
1962
1964
1965
1967
1968
1969
1971
1972
1977
1978
1980
1981
1982
1986
1988
2002
2006
2007
2008
2010
2011
2013
2014
2015
2022
2023
2025
2027
2028
2034
2037
2039
2042
2045
2046
2048
2052
2053
2054
2055
2056
2057
2058
2059
2060
2061
2062
2063
2064
2069
2070
2072
2073
2074
2075
2076
2078
2079
2080
2081
2082
2083
2084
2085
2086
2090
2092
2093
2096
2098
2102
2105
2109
2112
2113
2117
2119
2121
2126
2127
2129
2131
2132
2133
2134
2135
2136
2143
2144
2146
2150
2151
2155
2157
2158
2159
2160
2161
2162
2166
2169
2172
2176
2177
2179
2180
2181
2182
2183
2184
2185
2187
2188
2190
2193
2194
2196
2203
2210
2216
2217
2218
2220
2221
2224
2226
2227
2228
2230
2232
2233
2238
2240
2243
2244
2247
2248
2249
2250
2253
2258
2263
2266
2269
2271
2272
2274
2278
2280
2287
2288
2290
2291
2294
2297
2299
2300
2310
2317
2321
2325
2328
2339
2340
2342
2343
2346
2353
2356
2359
2360
2366
2367
2369
2370
2373
2377
2385
2386
2388
2394
2395
2399
2401
2402
2403
2407
2409
2413
2414
2415
2416
2418
2419
2420
2421
2429
2430
2433
2439
2442
2443
2456
2457
2461
2462
2465
2466
2468
2470
2472
2473
2477
2478
2480
2483
2484
2485
2488
2490
2497
2501
2502
2503
2506
2515
2518
2522
2523
2535
2545
2557
2561
2566
2568
2569
2571
2580
2590
2592
2595
2596
2600
2601
2602
2605
2606
2607
2608
2609
2610
2622
2623
2624
2628
2631
2635
2637
2641
2642
2644
2646
2647
2648
2649
2655
2666
2667
2678
2681
2686
2687
2688
2689
2690
2691
2692
2693
2695
2696
2697
2699
2700
2701
2704
2706
2709
2718
2719
2722
2727
2733
2739
2740
2747
2750
2771
2789
2816
2818
2839
2869
2872
2874
2888
2898
2909
2911
2912
2913
2915
2921
2926
2933
2934
2939
2943
2944
2951
2953
2954
2958
2966
2967
2977
2978
2980
2985
2988
2989
2990
2991
3008
3010
3011
3012
3013
3014
3016
3024
3037
3041
3066
3067
3069
3075
3076
3087
3091
3094
3100
3110
3117
3121
3128
3132
3133
3134
3140
3142
3143
3153
3157
3171
3175
3177
3178
3179
3180
3181
3182
3183
3184
3185
3186
3187
3188
3189
3198
3200
3214
3215
3216
3217
3222
3223
3225
3229
3232
3238
3241
3249
3251
3253
3255
3256
3258
3267
3270
3273
3281
3283
3284
3298
3320
3324
3325
3328
3330
3339
3345
3346
3347
3352
3359
3360
3365
3367
3370
3371
3387
3389
3394
3400
3403
3404
3406
3429
3431
3451
3456
3457
3459
3460
3477
3481
3503
3504
3518
3530
3534
3536
3537
3539
3544
3560
3569
3570
3585
3589
3590
3593
3596
3597
3604
3605
3608
3609
3618
3619
3625
3626
3630
3632
3642
3643
3645
3646
3659
3668
3669
3674
3675
3676
3679
3685
3689
3701
3711
3714
3717
3731
3732
3747
3748
3756
3758
3762
3767
3778
3781
3788
3789
3804
3810
3812
3813
3820
3829
3831
3833
3836
3853
3858
3859
3867
3868
3876
3881
3884
3892
3895
3902
3904
3905
3908
3919
3944
3961
3963
3964
3980
3982
3984
3988
3992
3993
3994
4003
4004
4022
4025
4028
4029
4034
4035
4037
4038
4039
4041
4043
4059
4061
4065
4078
4081
4082
4083
4084
4085
4094
4095
4097
4112
4113
4114
4115
4116
4118
4120
4126
4140
4161
4168
4170
4171
4173
4175
4177
4189
4193
4198
4202
4203
4208
4209
4210
4212
4249
4296
4299
4307
4310
4313
4314
4315
4327
4331
4337
4338
4343
4365
4379
4382
4390
4397
4398
4401
4402
4407
4420
4428
4432
4441
4443
4468
4469
4474
4475
4476
4477
4478
4498
4504
4512
4513
4515
4517
4522
4531
4532
4533
4535
4547
4548
4554
4557
4559
4561
4563
4565
4566
4568
4570
4572
4573
4574
4576
4578
4579
4584
4589
4606
4616
4617
4622
4623
4625
4626
