1
2
3
4
5
6
7
8
9
10
11
12
14
15
16
17
18
19
20
21
22
23
24
25
26
27
28
29
30
31
32
33
34
35
36
37
38
39
40
41
42
43
44
45
46
47
48
49
50
51
52
53
54
55
56
57
58
59
60
61
62
63
64
65
66
67
68
69
70
71
72
73
74
75
76
77
78
79
80
81
82
83
84
85
86
87
88
89
90
91
92
93
94
95
96
97
98
99
100
101
102
103
104
105
107
108
109
110
111
112
113
114
115
116
117
118
119
120
121
122
123
124
125
126
127
128
129
130
131
132
133
134
135
136
137
138
139
140
141
142
143
144
145
146
147
148
149
150
152
153
154
155
156
157
158
159
160
161
162
163
164
165
166
167
168
169
171
172
173
174
175
176
177
178
179
180
181
182
183
184
185
187
188
189
190
191
192
193
194
195
196
197
198
199
200
201
202
203
204
205
206
207
208
209
210
211
212
213
214
215
216
217
218
219
220
221
222
224
225
226
227
228
229
230
231
232
233
234
235
236
237
238
239
240
241
242
243
244
245
246
247
248
249
250
251
253
254
256
257
258
259
260
261
262
263
264
265
267
268
269
271
272
273
274
275
276
277
279
280
283
286
288
289
290
292
294
295
297
298
299
300
302
304
305
306
307
308
309
310
311
314
315
316
318
319
320
321
322
323
324
325
326
327
328
329
330
331
332
333
334
335
336
338
340
341
342
343
344
345
347
348
349
350
351
352
353
354
355
356
359
360
361
362
363
364
365
366
367
368
369
370
371
372
373
376
377
378
379
380
381
382
383
384
386
387
388
389
390
391
392
393
394
395
397
398
399
400
402
403
405
406
407
408
409
411
413
415
417
418
419
420
421
422
423
425
426
427
428
429
430
431
432
433
434
436
437
438
439
440
441
442
443
444
445
446
447
448
449
450
452
453
454
455
456
457
458
460
462
463
466
468
470
471
472
473
474
475
476
477
478
479
480
484
485
486
488
491
493
494
495
498
500
502
503
504
505
506
507
509
510
511
512
513
514
515
516
518
519
522
524
525
528
529
530
532
535
536
537
539
542
544
546
550
557
561
562
565
567
569
570
571
572
574
575
578
579
581
582
585
591
594
602
605
606
613
614
615
618
620
622
628
634
646
647
651
665
670
673
675
680
684
698
702
705
707
708
710
711
712
713
714
715
718
719
724
726
727
728
731
733
735
736
737
738
740
741
744
745
746
748
749
750
751
752
753
754
755
756
757
759
760
761
762
764
765
766
767
768
769
770
772
773
774
776
779
782
783
784
785
786
788
789
791
792
793
796
797
798
799
800
801
803
804
805
806
807
808
809
810
811
812
814
815
816
819
826
827
829
830
831
833
834
835
836
837
838
839
844
845
846
848
849
851
852
853
854
856
857
858
860
861
862
863
864
866
867
870
871
872
873
874
875
876
877
880
883
885
886
887
892
893
894
895
897
899
901
904
906
909
910
911
912
916
917
918
919
920
921
922
924
925
926
929
930
933
934
936
937
938
939
940
941
942
945
946
948
950
952
953
955
956
958
961
962
963
966
968
969
971
972
973
975
976
978
982
990
992
993
994
995
996
997
998
1000
1003
1004
1005
1008
1009
1010
1011
1013
1017
1018
1019
1020
1021
1025
1027
1032
1041
1045
1046
1048
1049
1050
1051
1052
1053
1054
1056
1058
1059
1061
1062
1066
1067
1068
1069
1071
1075
1076
1078
1080
1086
1088
1089
1095
1098
1099
1100
1102
1103
1104
1109
1112
1116
1117
1118
1120
1123
1127
1129
1132
1134
1135
1136
1139
1141
1143
1145
1147
1148
1149
1151
1154
1156
1158
1160
1162
1163
1164
1167
1168
1175
1178
1179
1180
1188
1189
1190
1196
1197
1198
1200
1201
1202
1204
1208
1209
1210
1212
1214
1215
1216
1217
1218
1219
1221
1222
1229
1230
1231
1239
1240
1245
1246
1247
1248
1249
1254
1256
1260
1265
1266
1268
1269
1271
1273
1275
1284
1289
1290
1294
1295
1300
1303
1306
1307
1308
1311
1315
1320
1321
1322
1325
1326
1329
1332
1333
1336
1337
1342
1346
1348
1349
1350
1351
1352
1353
1354
1357
1358
1359
1360
1366
1367
1372
1374
1375
1377
1378
1381
1382
1383
1387
1388
1389
1392
1393
1394
1395
1398
1399
1400
1404
1406
1409
1410
1411
1412
1414
1415
1419
1423
1426
1427
1429
1430
1434
1437
1438
1444
1445
1446
1447
1448
1450
1453
1454
1457
1462
1466
1468
1469
1470
1471
1473
1475
1476
1479
1481
1482
1484
1485
1488
1489
1490
1492
1493
1494
1497
1498
1499
1500
1503
1504
1508
1509
1510
1511
1513
1516
1517
1518
1520
1521
1522
1523
1524
1531
1532
1533
1534
1535
1538
1542
1545
1546
1548
1551
1553
1554
1559
1562
1564
1565
1566
1567
1569
1570
1571
1572
1573
1579
1582
1583
1584
1585
1586
1587
1588
1591
1594
1595
1597
1605
1606
1608
1609
1613
1615
1617
1621
1622
1623
1626
1627
1628
1629
1630
1632
1633
1634
1635
1637
1640
1642
1645
1647
1656
1657
1661
1662
1666
1667
1669
1671
1673
1674
1677
1678
1689
1690
1694
1696
1698
1700
1703
1708
1709
1711
1712
1713
1717
1719
1720
1722
1723
1727
1732
1733
1735
1737
1738
1740
1742
1747
1748
1749
1752
1757
1758
1762
1764
1766
1769
1770
1771
1775
1777
1780
1782
1786
1790
1791
1792
1793
1794
1795
1801
1804
1807
1808
1809
1810
1811
1812
1815
1817
1818
1826
1827
1828
1829
1830
1831
1832
1833
1835
1838
1840
1841
1843
1845
1846
1848
1849
1853
1855
1860
1862
1866
1868
1872
1873
1876
1881
1882
1883
1885
1888
1893
1896
1900
1906
1909
1911
1915
1916
1919
1921
1925
1926
1929
1931
1933
1935
1936
1937
1946
1952
1954
1955
1956
1957
1958
1960
1963
1966
1970
1973
1974
1975
1976
1979
1989
1990
1991
1992
1994
1996
1997
2001
2003
2004
2005
2012
2016
2017
2021
2024
2026
2030
2031
2035
2036
2038
2040
2043
2044
2047
2049
2050
2051
2065
2066
2077
2087
2088
2091
2094
2095
2097
2099
2103
2104
2106
2107
2110
2114
2115
2116
2122
2123
2124
2125
2128
2130
2137
2140
2141
2142
2145
2148
2149
2152
2153
2154
2156
2165
2167
2168
2170
2175
2178
2186
2189
2191
2192
2195
2197
2198
2202
2205
2206
2208
2209
2211
2212
2213
2215
2222
2223
2235
2241
2246
2255
2256
2257
2260
2261
2264
2265
2267
2275
2276
2277
2279
2282
2283
2284
2286
2289
2292
2295
2296
2298
2301
2303
2304
2305
2306
2307
2308
2309
2312
2314
2315
2318
2319
2322
2323
2324
2326
2327
2330
2331
2332
2333
2335
2337
2338
2344
2345
2348
2349
2350
2351
2352
2355
2357
2358
2362
2363
2364
2365
2368
2374
2375
2376
2378
2380
2383
2387
2389
2390
2391
2392
2393
2397
2404
2406
2410
2411
2412
2422
2423
2424
2425
2427
2428
2431
2432
2434
2435
2436
2438
2440
2441
2444
2447
2452
2455
2460
2463
2467
2469
2474
2475
2476
2479
2481
2486
2487
2489
2491
2492
2494
2495
2496
2504
2507
2508
2509
2514
2520
2521
2524
2525
2526
2527
2530
2531
2532
2533
2534
2536
2537
2540
2542
2543
2548
2550
2551
2553
2554
2555
2556
2558
2559
2560
2562
2565
2567
2570
2572
2573
2574
2575
2576
2577
2583
2584
2585
2586
2587
2589
2598
2604
2611
2612
2614
2615
2618
2620
2621
2625
2626
2627
2629
2633
2634
2636
2638
2643
2645
2650
2652
2653
2656
2657
2658
2662
2665
2669
2670
2671
2673
2674
2675
2676
2677
2682
2683
2684
2685
2705
2707
2710
2711
2712
2713
2714
2715
2716
2717
2723
2724
2725
2726
2728
2729
2732
2734
2735
2736
2738
2741
2742
2744
2746
2748
2754
2755
2756
2757
2758
2759
2760
2761
2762
2763
2766
2767
2768
2769
2770
2772
2773
2774
2775
2776
2777
2780
2781
2782
2784
2785
2786
2787
2788
2790
2791
2792
2793
2795
2796
2797
2798
2799
2800
2801
2802
2803
2804
2805
2806
2807
2808
2819
2820
2821
2822
2823
2824
2825
2826
2827
2828
2829
2830
2831
2833
2834
2835
2836
2837
2838
2840
2843
2844
2845
2846
2847
2848
2850
2851
2852
2853
2854
2855
2856
2857
2858
2859
2860
2861
2862
2863
2864
2865
2866
2867
2868
2873
2875
2876
2877
2879
2880
2881
2882
2883
2884
2885
2886
2887
2889
2895
2899
2902
2904
2905
2906
2908
2910
2914
2916
2917
2918
2919
2922
2923
2924
2925
2927
2928
2929
2932
2935
2936
2937
2938
2940
2942
2946
2947
2948
2949
2952
2955
2956
2957
2960
2961
2962
2963
2964
2965
2968
2970
2971
2972
2973
2974
2975
2976
2979
2983
2984
2987
2995
2996
2998
2999
3000
3002
3003
3005
3006
3007
3009
3017
3018
3023
3025
3026
3027
3028
3029
3031
3032
3035
3038
3039
3042
3043
3044
3045
3046
3048
3049
3053
3054
3055
3056
3058
3061
3063
3064
3065
3068
3073
3077
3079
3080
3081
3082
3083
3084
3085
3086
3093
3095
3096
3098
3099
3102
3105
3106
3109
3111
3114
3115
3118
3119
3120
3123
3124
3129
3130
3131
3136
3137
3138
3139
3141
3144
3145
3146
3147
3149
3150
3151
3154
3155
3156
3158
3159
3160
3162
3163
3165
3167
3168
3169
3170
3172
3174
3176
3190
3191
3192
3194
3196
3199
3202
3203
3204
3205
3206
3207
3208
3209
3210
3211
3212
3213
3218
3219
3220
3221
3230
3231
3236
3240
3242
3243
3247
3250
3257
3259
3260
3261
3262
3263
3264
3265
3269
3274
3275
3276
3277
3285
3286
3288
3289
3290
3291
3292
3293
3294
3296
3297
3299
3301
3303
3304
3306
3308
3309
3311
3312
3313
3314
3315
3316
3317
3318
3319
3322
3323
3326
3331
3336
3337
3340
3341
3343
3344
3348
3349
3351
3354
3355
3357
3361
3362
3363
3368
3372
3373
3374
3376
3377
3378
3379
3380
3384
3386
3388
3391
3392
3393
3396
3397
3399
3402
3405
3407
3410
3411
3412
3413
3414
3415
3416
3419
3420
3421
3422
3423
3426
3427
3428
3430
3432
3433
3434
3435
3436
3437
3438
3439
3441
3442
3443
3444
3445
3446
3448
3449
3455
3461
3462
3465
3466
3467
3469
3470
3471
3472
3473
3474
3475
3476
3478
3482
3483
3484
3486
3488
3489
3490
3491
3492
3493
3494
3496
3498
3499
3501
3502
3507
3509
3513
3514
3516
3517
3519
3520
3521
3522
3523
3524
3525
3529
3531
3532
3533
3535
3538
3540
3542
3543
3546
3547
3549
3550
3552
3553
3554
3556
3557
3559
3561
3562
3563
3564
3565
3566
3567
3568
3572
3573
3576
3577
3578
3579
3580
3582
3583
3584
3586
3587
3588
3592
3595
3598
3599
3600
3601
3603
3606
3611
3614
3617
3623
3627
3641
3644
3647
3648
3651
3652
3653
3654
3656
3657
3658
3661
3663
3664
3665
3667
3672
3677
3678
3680
3683
3684
3686
3692
3694
3696
3698
3700
3703
3704
3705
3709
3713
3715
3716
3718
3719
3721
3722
3724
3729
3733
3734
3735
3736
3738
3739
3742
3743
3745
3749
3750
3751
3752
3753
3755
3759
3760
3761
3763
3764
3765
3770
3773
3774
3775
3776
3777
3782
3783
3784
3787
3790
3791
3792
3793
3794
3795
3797
3798
3799
3801
3803
3805
3807
3808
3809
3814
3815
3816
3822
3824
3826
3830
3832
3834
3835
3837
3839
3840
3841
3847
3852
3854
3855
3856
3857
3860
3861
3862
3863
3869
3870
3871
3872
3873
3874
3875
3878
3879
3880
3883
3887
3889
3890
3893
3894
3897
3898
3899
3901
3903
3907
3909
3910
3911
3912
3913
3914
3916
3917
3920
3921
3923
3924
3925
3927
3928
3930
3931
3933
3934
3935
3936
3937
3940
3941
3942
3945
3951
3952
3953
3954
3956
3957
3958
3959
3965
3966
3968
3969
3970
3971
3972
3974
3975
3976
3978
3983
3985
3986
3987
3989
3990
3996
3997
3998
4000
4005
4007
4008
4009
4010
4018
4019
4020
4021
4023
4024
4030
4032
4033
4036
4046
4047
4048
4049
4050
4051
4053
4054
4055
4057
4058
4060
4063
4064
4067
4069
4070
4071
4072
4073
4074
4075
4076
4077
4079
4080
4088
4089
4090
4091
4093
4096
4098
4100
4104
4105
4106
4108
4122
4125
4128
4129
4130
4131
4132
4134
4136
4144
4145
4146
4148
4149
4150
4151
4152
4153
4154
4155
4156
4157
4158
4159
4160
4162
4163
4164
4165
4166
4167
4172
4179
4180
4181
4182
4184
4185
4192
4194
4195
4197
4200
4204
4205
4206
4207
4213
4214
4215
4216
4217
4218
4219
4220
4221
4222
4223
4224
4225
4226
4230
4232
4233
4234
4235
4236
4237
4238
4239
4240
4241
4242
4243
4244
4245
4246
4247
4248
4250
4252
4253
4254
4255
4256
4257
4259
4260
4261
4263
4264
4266
4267
4268
4269
4270
4271
4272
4273
4274
4275
4276
4277
4278
4279
4280
4281
4285
4287
4288
4289
4290
4291
4293
4294
4295
4302
4303
4304
4306
4311
4312
4319
4321
4323
4325
4328
4329
4330
4333
4334
4336
4339
4340
4341
4342
4345
4346
4347
4348
4350
4351
4361
4362
4364
4366
4368
4369
4370
4371
4373
4374
4375
4380
4381
4384
4385
4386
4387
4388
4389
4391
4393
4399
4400
4404
4405
4406
4409
4411
4416
4419
4421
4422
4423
4426
4427
4429
4430
4433
4434
4435
4436
4437
4438
4440
4442
4444
4445
4446
4447
4448
4450
4451
4452
4453
4454
4455
4457
4458
4459
4460
4461
4462
4463
4464
4465
4466
4467
4470
4472
4479
4480
4482
4486
4487
4488
4489
4491
4492
4494
4495
4500
4501
4502
4503
4505
4506
4507
4509
4511
4514
4516
4518
4519
4520
4521
4526
4528
4530
4534
4536
4537
4539
4540
4541
4543
4545
4551
4552
4553
4556
4558
4560
4562
4564
4567
4575
4577
4580
4583
4585
4586
4587
4588
4590
4594
4595
4599
4600
4603
4604
4607
4608
4611
4612
4613
4614
4618
4619
4620
4628
4629
4630
4631
4632
4633
4634
4635
4636
