0,33.596146,-111.978633,"Phoenix"
1,28.504964,-81.31284,"Orlando"
1,33.478722,-112.000982,"Phoenix"
2,33.143498,-94.397282,"Neosho"
3,41.238458,-75.858654,"Wilkes Barre"
4,29.894378,-90.063157,"Horn Lake"
5,39.359859,-85.474983,"Greensburg"
5,37.230004,-107.865779,"Durango"
6,40.029557,-85.0772931,"Carrollton"
6,33.5432197,-76.241112,"Lancaster"
7,36.02823,-78.843746,"Durham"
7,33.609159,-112.21834,"Peoria"
8,37.117108,-88.261654,"Carpentersville"
9,35.490376,-97.763836,"Yukon"
10,37.133514,-94.478384,"Webb City"
11,34.0463802,-85.239825,"Cedartown"
12,34.9198793,-78.7374441,"Du Bois"
12,41.1281024,-120.4191493,"Santa Maria"
13,41.551962,-73.419723,"New Milford"
14,39.019833,-80.4149,"Weston"
14,34.588891,-86.981859,"Decatur"
15,30.483114,-97.669778,"Round Rock"
15,42.648099,-84.077745,"Fowlerville"
16,40.992839,-97.61503,"Salina"
16,38.785465,-74.311823,"Riverdale"
17,44.627025,-123.051328,"Albany"
17,47.865754,-121.972124,"Monroe"
18,42.209328,-88.282838,"Crystal Lake"
19,42.56033,-113.789812,"Burley"
19,30.436819,-88.891715,"Diberville"
20,32.596094,-93.838319,"Shreveport"
21,38.485575,-82.658168,"Ashland"
21,33.757227,-90.712128,"Cleveland"
22,31.10974,-99.33078,"Sayre"
23,45.335366,-118.058396,"Island City"
23,29.4990441,-95.1255913,"League City"
24,42.882479,-78.694009,"Lancaster"
25,41.760285,-83.019831,"North Logan"
25,36.396561,-111.830402,"Rogersville"
26,41.7424997,-76.5051024,"Coal Township"
26,40.7878265,-74.3706537,"Napanoch"
27,38.880878,-94.758164,"Olathe"
27,45.0563683,-93.3162617,"Brooklyn Center"
28,32.774685,-94.091657,"Fort Worth"
29,40.726907,-73.543756,"East Meadow"
30,37.138803,-104.523231,"Trinidad"
30,42.621319,-83.054472,"Sterling Heights"
31,35.3331,-97.478135,"Moore"
32,29.778912,-98.724391,"Boerne"
32,31.231526,-85.450493,"Dothan"
33,36.488342,-81.814048,"Eden"
33,26.610823,-79.733948,"Fort Myers"
34,27.7572296,-82.734284,"Pasadena"
34,30.395741,-91.160018,"Baton Rouge"
35,30.866174,-93.288017,"Deridder"
35,26.270825,-81.745551,"Naples"
36,34.959728,-92.435566,"Fordyce"
36,33.820498,-89.996039,"Southaven"
37,35.577077,-82.516228,"Asheville"
37,41.9347406,-87.7429913,"Chicago"
38,28.389851,-81.248596,"Orlando"
39,34.221331,-85.130382,"North East"
40,47.5229841,-80.199447,"West Palm Beach"
40,26.689142,-92.5910689,"Mountain Iron"
41,34.7342509,-80.7847582,"Lancaster"
41,38.957531,-77.002461,"Washington"
42,35.838403,-83.574228,"Sevierville"
42,35.538043,-97.62107,"Warr Acres"
43,33.717465,-78.856676,"Myrtle Beach"
43,31.292001,-92.513688,"Alexandria"
44,34.155229,-101.866919,"Florence"
45,34.02128,-80.952336,"Columbia"
45,32.5907686,-96.78663,"Lancaster"
46,32.551232,-82.972249,"Dublin"
47,28.906876,-81.245296,"Deltona"
48,41.933426,-112.000982,"North Attleboro"
48,33.478722,-71.350241,"Phoenix"
49,43.319893,-73.612395,"Queensbury"
50,39.596322,-110.788467,"Price"
50,30.37753,-91.06156,"Baton Rouge"
51,32.543518,-92.624043,"Ruston"
52,43.333921,-71.01322,"Rochester"
53,39.977681,-76.671561,"Winslow"
54,32.326622,-95.316745,"Tyler"
54,26.2874705,-97.9905849,"Elsa"
55,30.333624,-95.098051,"Cleveland"
56,33.964176,-80.938599,"Columbia"
57,35.888765,-94.979859,"Tahlequah"
57,30.152304,-95.221042,"New Caney"
58,37.511302,-121.943195,"Fremont"
59,41.309977,-81.519342,"Macedonia"
59,39.926499,-75.141376,"Philadelphia"
60,30.403829,-88.958552,"Biloxi"
61,33.798413,-83.742318,"Monroe"
62,39.9756642,-74.2382847,"Toms River"
62,37.694458,-120.99185,"Modesto"
63,26.671878,-92.616012,"Osage Beach"
63,38.14942,-81.928813,"Cape Coral"
64,27.829339,-80.481738,"Sebastian"
65,38.704318,-121.33186,"Sacramento"
66,32.552444,-84.895833,"Gardner"
66,38.80882,-94.893071,"Columbus"
67,32.8090607,-85.879296,"Macon"
67,39.206333,-83.7177241,"Columbus"
68,40.561577,-84.177792,"Wapakoneta"
68,32.400301,-83.336257,"Cochran"
69,33.917546,-81.529227,"Grand Junction"
69,39.083457,-108.474014,"Leesville"
70,35.703382,-81.286787,"Hickory"
71,38.309011,-122.283328,"Napa"
72,33.767668,-97.512067,"Westminster"
72,35.665621,-117.993504,"Edmond"
73,32.534396,-96.815957,"Red Oak"
74,32.5770666,-97.3388787,"Norwalk"
75,32.4341545,-81.759548,"Statesboro"
75,38.5961282,-121.2918143,"Rancho Cordova"
76,36.24055,-115.224029,"Las Vegas"
77,38.662953,-87.504643,"Vincennes"
77,41.29143,-73.112949,"Shelton"
78,34.775819,-76.872785,"Newport"
79,29.894378,-95.065666,"Crosby"
79,35.334147,-80.712497,"Charlotte"
80,28.631976,-96.627385,"Port Lavaca"
81,34.959728,-89.996039,"Southaven"
81,32.506142,-84.977565,"Columbus"
82,43.173711,-89.246586,"Sun Prairie"
83,42.1525,-89.9839444,"Chalmette"
84,43.066512,-77.357871,"Macedon"
84,34.948143,-120.4527076,"Santa Maria"
85,41.5922214,-88.0228929,"Lockport"
85,32.084845,-110.776057,"Tucson"
86,37.060797,-78.004293,"Blackstone"
86,36.002186,-79.799652,"Greensboro"
87,42.033289,-81.293856,"Marion"
87,28.222798,-91.552968,"Saint Cloud"
88,28.422051,-97.753283,"Beeville"
89,34.726994,-81.641145,"Union"
90,44.897067,-86.869567,"Saint Paul"
91,34.2801955,-83.8752864,"Gainesville"
92,41.507494,-87.677404,"Olympia Fields"
93,40.736437,-96.598969,"Lincoln"
93,39.7110384,-86.1191817,"Indianapolis"
94,36.08324,-78.320606,"Louisburg"
94,40.442519,-79.226641,"Blairsville"
95,39.496607,-121.57343,"Oroville"
96,42.647805,-85.32049,"Hastings"
96,27.8943892,-97.3054748,"Portland"
97,34.647258,-86.541605,"Huntsville"
98,41.43277,-90.155134,"Houston"
98,29.829851,-95.377074,"Geneseo"
99,44.354549,-89.813333,"Wisconsin Rapids"
99,38.002606,-87.575764,"Evansville"
100,42.278396,-115.24648,"Las Vegas"
100,36.1231761,-73.750352,"Hudson"
101,37.484701,-86.265657,"Leitchfield"
102,42.55141,-83.61331,"Gardner"
102,42.513919,-71.994725,"New Hudson"
103,43.409163,-86.310321,"Whitehall"
104,40.546574,-74.58374,"Manville"
105,39.808617,-94.811755,"Saint Joseph"
105,28.255445,-81.315648,"Saint Cloud"
106,36.088885,-83.938663,"Knoxville"
107,43.907103,-69.90761,"Brunswick"
108,34.078384,-111.5753437,"Apache Junction"
108,33.413821,-83.921922,"Buford"
109,36.088885,-83.938663,"Knoxville"
109,30.456509,-88.895194,"Diberville"
110,36.829961,-76.418107,"Black River Falls"
111,35.386354,-76.95532,"Bakersfield"
112,33.872491,-118.061727,"Cerritos"
112,33.039071,-112.014193,"Maricopa"
113,35.144689,-75.398584,"King Of Prussia"
113,40.083475,-76.835794,"Grantsboro"
114,38.580049,-92.219907,"Jefferson City"
114,37.22725,-96.992729,"Winfield"
115,40.657293,-83.583847,"Kenton"
116,44.27772,-83.504371,"Tawas City"
117,47.491452,-111.218821,"Great Falls"
118,32.745312,-104.754675,"Greeley"
118,40.422824,-96.445649,"Forney"
119,34.667147,-92.377089,"Little Rock"
119,41.407877,-73.412984,"Danbury"
120,30.403829,-88.958552,"Memphis"
121,28.612495,-81.454305,"Orlando"
122,36.948807,-86.433446,"Bowling Green"
122,38.752864,-82.925293,"New Boston"
123,44.411593,-88.743987,"New London"
124,34.424199,-82.256481,"Hesperia"
125,33.459558,-112.395288,"Goodyear"
125,39.0747105,-94.6559528,"Kansas City"
126,39.823698,-92.511312,"Hanover"
126,44.07697,-76.975137,"Rochester"
127,36.946462,-93.714993,"Aurora"
128,30.477426,-72.573946,"Jacksonville"
128,42.172343,-81.638694,"Chicopee"
129,27.608819,-80.728675,"Hilton Head Island"
129,32.211604,-81.517586,"Avon Park"
130,34.630698,-78.6199,"Elizabethtown"
131,43.548914,-116.569909,"Nampa"
132,40.992839,-74.311823,"Riverdale"
133,35.0545697,-77.396567,"Fairfax"
133,38.854186,-79.0640008,"Fayetteville"
134,31.811007,-96.457539,"Fremont"
135,46.143162,-67.842502,"Houlton"
136,39.853829,-86.084443,"Indianapolis"
137,41.396587,-89.462832,"Princeton"
137,33.935634,-84.730256,"Dallas"
138,32.227804,-105.054716,"Big Spring"
138,40.586243,-101.467786,"Fort Collins"
139,32.902041,-96.461769,"Rockwall"
140,35.513194,-86.452061,"Shelbyville"
140,39.311522,-84.318642,"Mason"
141,29.497881,-98.325083,"Converse"
142,42.55444,-70.968233,"Danvers"
142,40.52654,-104.990371,"Timnath"
143,33.236372,-87.615269,"Northport"
143,39.486923,-79.733622,"Kingwood"
144,33.393498,-84.743664,"Abilene"
144,32.473542,-99.738532,"Newnan"
145,43.192887,-86.266661,"Muskegon"
146,41.244171,-96.025545,"Omaha"
147,33.35103,-111.960968,"Tempe"
147,36.7318789,-108.2261788,"Farmington"
148,45.6695255,-122.5233909,"Vancouver"
149,38.36144,-122.692596,"Rohnert Park"
149,41.739791,-72.713347,"Hartford"
150,38.635584,-121.506013,"Sacramento"
151,30.527664,-87.271985,"Pensacola"
151,38.774005,-90.626038,"St. Peters"
152,39.424718,-80.190933,"Fairmont"
153,40.404373,-105.046623,"Loveland"
153,37.410677,-79.209399,"Lynchburg"
154,41.116058,-74.578954,"Franklin"
155,33.63588,-91.80475,"Monticello"
156,42.0980861,-71.0567099,"Brockton"
157,34.477048,-91.549074,"Stuttgart"
157,30.4098482,-91.0543414,"Baton Rouge"
158,32.275089,-76.018944,"Tyler"
159,45.7524691,-123.169349,"Escanaba"
159,44.0459,-87.0827258,"Eugene"
160,33.664699,-95.505897,"Paris"
160,39.989348,-81.576671,"Cambridge"
161,34.247854,-83.456616,"Commerce"
161,33.552575,-117.192629,"Murrieta"
162,36.755728,-80.734093,"Poplar Bluff"
162,32.425554,-90.411818,"Beaufort"
163,30.177358,-81.625278,"Jacksonville"
163,33.796641,-111.962216,"Cave Creek"
164,37.971663,-120.365778,"Sonora"
165,37.65447,-113.088367,"Cedar City"
165,43.179211,-87.988185,"Brown Deer"
166,33.347947,-94.623206,"Stilwell"
166,35.798588,-96.582282,"Anna"
167,32.211604,-80.728675,"Hilton Head Island"
168,33.134578,-94.964667,"Mount Pleasant"
168,42.664048,-95.197118,"Storm Lake"
169,41.551962,-73.419723,"New Milford"
170,41.350947,-82.067295,"Elyria"
170,29.4878928,-98.5377275,"San Antonio"
171,33.971139,-83.996583,"Lawrenceville"
172,43.817639,-93.286082,"Bad Axe"
172,44.781099,-83.005695,"Burnsville"
173,37.126268,-113.51802,"Washington"
174,40.978989,-91.541832,"Mount Pleasant"
174,36.810606,-119.860333,"Fresno"
175,26.6309088,-80.0838658,"Palm Springs"
176,39.540389,-95.129139,"Atchison"
177,36.050008,-94.201133,"Fayetteville"
177,40.261651,-76.772903,"Harrisburg"
178,31.577418,-80.649858,"Camden"
178,34.250827,-91.462452,"Vidalia"
179,37.805879,-79.409875,"Fairbanks"
179,64.856378,-147.689549,"Lexington"
180,37.400846,-122.109748,"Mountain View"
181,33.703645,-116.281073,"La Quinta"
182,37.2458298,-77.3863435,"Colonial Heights"
182,42.72877,-84.407025,"Okemos"
183,32.385046,-86.184915,"Borger"
183,35.654823,-101.411718,"Montgomery"
184,30.761862,-89.798245,"Cordova"
184,35.140734,-88.229473,"Semmes"
185,31.650027,-94.652353,"Nacogdoches"
185,27.9870445,-82.7736996,"Clearwater"
186,26.693816,-80.109045,"West Palm Beach"
187,32.882306,-97.15712,"Colleyville"
188,38.674715,-90.017291,"Collinsville"
188,35.559783,-77.06361,"Washington"
189,41.34997,-74.733605,"Milford"
189,41.2013398,-73.1187591,"Stratford"
190,46.908396,-102.787045,"Dickinson"
191,43.323635,-76.448689,"Fulton"
192,38.954911,-76.23355,"Columbia"
193,38.067831,-78.933084,"Waynesboro"
194,32.764623,-97.169284,"Roseville"
194,38.78799,-121.2898911,"Fort Worth"
195,42.580217,-84.803637,"Tyler"
195,32.275089,-95.310407,"Charlotte"
196,39.660399,-86.141957,"Indianapolis"
196,29.5744773,-98.5658032,"San Antonio"
197,37.92381,-90.771606,"Potosi"
197,37.515657,-120.847072,"Turlock"
198,37.551571,-83.3603119,"Jackson"
199,27.679204,-121.760604,"Klamath Falls"
200,42.026224,-95.371661,"Denison"
201,28.537096,-93.1993259,"Lake Charles"
202,42.491861,-71.729962,"Leominster"
203,28.395378,-80.753116,"Cocoa"
204,36.324329,-84.171753,"Williamsburg"
204,36.720647,-119.273131,"Visalia"
205,43.941269,-90.832911,"Sparta"
205,39.624903,-78.835052,"Lavale"
206,35.357235,-89.486173,"Forest"
206,32.338638,-79.797888,"Biscoe"
207,41.052608,-124.190507,"Wadsworth"
207,40.780681,-81.724969,"Eureka"
208,40.978989,-91.541832,"Mount Pleasant"
208,29.4901145,-98.5875885,"San Antonio"
209,32.97197,-99.799311,"Stamford"
210,40.455457,-78.405524,"Altoona"
211,36.03112,-83.866358,"Knoxville"
212,41.477509,-72.810515,"Wallingford"
213,42.0980861,-71.0567099,"Brockton"
214,33.642779,-111.977917,"Surprise"
215,42.7277,-71.4225,"Hudson"
215,30.3475451,-97.5442106,"Manor"
216,39.733863,-75.618399,"Wilmington"
217,41.176255,-85.169186,"Fort Wayne"
218,32.467307,-90.134679,"Madison"
218,34.050394,-118.085476,"Rosemead"
219,26.610823,-81.814048,"Fort Myers"
220,40.515671,-80.224153,"Moon Township"
221,40.341812,-79.946456,"West Mifflin"
221,47.848617,-122.252455,"Lynnwood"
222,42.249781,-84.4345706,"Harlan"
223,37.9981886,-103.5931748,"La Junta"
223,42.983582,-87.950503,"Milwaukee"
224,29.986171,-91.815233,"New Iberia"
224,36.810606,-119.860333,"Fresno"
225,37.699249,-121.767991,"Livermore"
225,38.581143,-77.308069,"Dumfries"
226,38.994557,-94.713426,"Shawnee"
227,29.536603,-95.516725,"Missouri City"
228,33.596282,-123.069674,"Levelland"
228,45.522178,-102.361308,"Cornelius"
229,28.341551,-97.095455,"Kissimmee"
229,32.750915,-81.486378,"Arlington"
230,31.843586,-85.171043,"Eufaula"
231,32.6744478,-114.6015699,"Yuma"
231,33.806034,-117.229378,"Perris"
232,25.935789,-80.29576,"Hialeah"
232,39.826734,-84.85324,"Richmond"
233,33.7083498,-112.1129733,"Phoenix"
233,37.4426233,-77.4735772,"North Chesterfield"
234,30.46707,-97.78924,"Austin"
235,35.072895,-92.495185,"Conway"
235,30.3021097,-93.1993259,"Lake Charles"
236,38.923919,-86.791446,"Lewisburg"
236,35.47119,-119.721182,"Gardnerville"
237,29.778912,-98.724391,"Wood Village"
237,45.541121,-122.420703,"Boerne"
238,34.831972,-92.394811,"North Little Rock"
239,26.679553,-81.898523,"North Fort Myers"
240,40.305619,-88.178841,"Rantoul"
240,36.975625,-120.08061,"Madera"
241,34.965043,-89.586051,"Sikeston"
242,36.513272,-84.506121,"Oneida"
242,36.11089,-86.769361,"Nashville"
243,43.10445,-73.749197,"Saratoga Springs"
243,34.670137,-79.183835,"Pembroke"
244,40.442519,-121.951128,"Blairsville"
245,28.784512,-81.304091,"Lake Mary"
245,36.439395,-83.609231,"New Tazewell"
246,41.551962,-73.419723,"New Milford"
246,35.176134,-89.839673,"Memphis"
247,41.59913,-87.842939,"Orland Hills"
248,35.483343,-81.240857,"Lincolnton"
248,26.762254,-80.103131,"West Palm Beach"
249,45.711725,-85.136879,"Connersville"
250,45.491296,-122.574818,"Portland"
251,29.91345,-90.053832,"Gretna"
252,32.812396,-97.426058,"Lake Worth"
253,38.765978,-95.693918,"Saint Louis"
254,43.54115,-96.658586,"Sioux Falls"
255,40.898979,-85.51646,"Huntington"
256,32.695707,-100.920992,"Snyder"
256,39.853829,-86.084443,"Indianapolis"
257,34.071943,-117.963494,"Baldwin Park"
257,35.25656,-80.456989,"Locust"
258,26.1832411,-90.671364,"Jonesboro"
259,42.122991,-80.041162,"Erie"
260,35.111968,-83.672623,"Albuquerque"
261,32.8090607,-83.7177241,"Butte"
262,39.120508,-91.890515,"Mexico"
263,39.188472,-96.556204,"Manhattan"
264,32.813411,-115.577324,"El Centro"
264,36.836316,-119.731113,"Fresno"
265,30.425341,-84.214277,"Tallahassee"
266,29.536603,-95.516725,"Missouri City"
267,29.818473,-95.767104,"Katy"
267,35.952496,-78.534967,"Wake Forest"
268,32.542098,-94.727504,"Longview"
268,38.3283334,-75.6104357,"Salisbury"
269,38.675429,-80.155096,"Summerville"
269,32.950336,-121.741011,"Woodland"
270,41.295443,-91.66222,"Washington"
270,31.220298,-82.346165,"Waycross"
271,37.553369,-85.283895,"Lebanon"
272,33.1759079,-86.2854032,"Sylacauga"
273,42.33185,-82.263765,"Greenville"
273,34.861739,-85.510398,"Kalamazoo"
274,29.265049,-94.833163,"West Covina"
274,34.073315,-117.886899,"Galveston"
275,43.094308,-78.978894,"Niagara Falls"
276,46.119315,-122.93007,"Longview"
276,32.712387,-114.652506,"Yuma"
277,40.530175,-85.676774,"Marion"
277,36.156329,-115.201607,"Las Vegas"
278,43.190503,-77.498195,"Webster"
279,38.662953,-87.504643,"Lansing"
279,41.574788,-87.555088,"Vincennes"
280,39.076252,-84.2035475,"Cairo"
281,36.3088479,-86.6862916,"Madison"
281,46.292561,-96.12436,"Fergus Falls"
282,42.868442,-85.67273,"Wyoming"
283,36.986766,-81.75302,"Jacksonville"
284,34.023274,-84.422495,"Marietta"
285,33.414323,-76.586763,"Pasadena"
286,31.688927,-71.656464,"Northborough"
287,31.089533,-97.729372,"Killeen"
287,36.638695,-80.244444,"Stuart"
288,39.684407,-85.136879,"Connersville"
288,41.014001,-85.120347,"Fort Wayne"
289,39.039531,-95.764743,"Topeka"
290,29.694586,-96.53837,"Columbus"
290,35.855633,-80.065411,"Thomasville"
291,36.839161,-94.397282,"Neosho"
291,25.928265,-80.171269,"North Miami Beach"
292,26.125185,-81.762659,"Naples"
293,38.870255,-116.6140707,"Nampa"
294,34.556416,-86.995956,"Yukon"
294,35.5091166,-97.7256424,"Decatur"
295,37.5589096,-90.3197291,"Fredericktown"
295,34.630698,-78.6199,"Elizabethtown"
296,34.6971752,-106.7683411,"Belen"
296,33.800975,-117.94235,"Garden Grove"
297,41.933638,-83.744349,"Coldwater"
297,42.792319,-84.967451,"Fenton"
298,45.491296,-122.574818,"Fort Wayne"
298,41.128329,-85.006727,"Portland"
299,36.778967,-119.756212,"Fresno"
300,30.425341,-84.214277,"Tallahassee"
301,45.541121,-122.420703,"Wood Village"
302,42.238635,-87.949187,"Vernon Hills"
303,35.072895,-92.495185,"Conway"
304,43.618101,-83.456061,"Meridian"
304,39.522633,-116.343373,"Washington Court House"
305,35.20219,-84.848963,"Cleveland"
306,40.836824,-75.988013,"Tamaqua"
306,32.479497,-93.679174,"Bossier City"
307,31.742491,-106.289318,"El Paso"
307,31.869188,-106.432354,"El Paso"
308,37.999851,-85.709074,"Shepherdsville"
309,28.6495856,-81.4692986,"Apopka"
310,30.461987,-84.359237,"Tallahassee"
310,35.005441,-85.149166,"Chattanooga"
311,35.692223,-79.789581,"Asheboro"
311,29.652058,-95.617417,"Sugar Land"
312,32.288399,-110.965014,"Tucson"
312,41.270691,-72.9775,"West Haven"
313,30.069345,-97.189608,"North Richland Hills"
313,32.906238,-95.214509,"Kingwood"
314,27.8158476,-82.7813795,"Muscatine"
315,31.367011,-92.406583,"Pineville"
315,44.27772,-83.504371,"Tawas City"
316,32.590144,-83.612256,"Warner Robins"
317,39.456055,-84.172455,"Lebanon"
317,35.732122,-79.428301,"Siler City"
318,27.0022316,-82.1253186,"Port Charlotte"
319,41.494392,-90.402201,"Silvis"
320,40.847635,-81.94154,"Wooster"
321,38.50661,-90.656737,"Eureka"
322,30.268847,-93.179586,"Lake Charles"
322,41.788163,-71.498321,"Cranston"
323,35.898133,-79.946037,"Archdale"
324,32.423808,-84.945113,"Columbus"
324,41.097718,-81.38377,"Kent"
325,36.1231761,-115.24648,"Marina"
325,36.693096,-121.801112,"Las Vegas"
326,39.6139062,-104.8114187,"Aurora"
326,39.488698,-84.326818,"Middletown"
327,31.895721,-102.332146,"Odessa"
327,38.780009,-77.076589,"Alexandria"
328,42.987657,-88.807863,"Jefferson"
328,35.752502,-77.929145,"Wilson"
329,43.035562,-86.216632,"Grand Haven"
330,37.5589096,-90.3197291,"Fredericktown"
331,42.0679412,-80.1958952,"Norman"
331,35.248406,-97.493277,"Erie"
332,31.178814,-85.404472,"Dothan"
332,42.135539,-83.227814,"Woodhaven"
333,43.720249,-70.235287,"Falmouth"
334,40.822864,-76.84513,"Raynham"
335,42.694054,-97.480925,"Jerome"
335,25.9524,-114.515088,"Brownsville"
336,35.511165,-97.976009,"El Reno"
336,35.567322,-77.357858,"Greenville"
337,40.0822209,-123.134232,"Wyncote"
338,30.064712,-95.43044,"Spring"
339,37.484701,-86.265657,"Stillwater"
339,36.145608,-97.049482,"Leitchfield"
340,43.433738,-84.031192,"Saginaw"
341,39.689426,-83.969609,"Xenia"
341,41.8184691,-73.0780037,"Torrington"
342,36.368151,-94.224959,"Bentonville"
342,30.318421,-81.45051,"Jacksonville"
343,36.70562,-119.577659,"Sanger"
343,33.358138,-84.120553,"Locust Grove"
344,34.5038374,-97.0041868,"Sulphur"
344,42.781897,-96.187601,"Le Mars"
345,32.95882,-96.816127,"Dallas"
346,28.136798,-77.023292,"Melbourne"
347,47.572888,-122.172531,"Albert Lea"
348,44.015765,-88.586283,"Oshkosh"
348,32.921859,-96.840429,"Dallas"
349,28.447665,-81.424513,"Orlando"
349,36.653773,-76.23355,"Chesapeake"
350,34.699825,-81.1925399,"Chester"
350,35.862402,-78.707124,"Raleigh"
351,39.656581,-80.859604,"New Martinsville"
352,37.17957,-77.367429,"Vienna"
352,38.9296,-77.245276,"Petersburg"
353,39.852029,-91.682032,"Cedar Rapids"
354,37.433957,-94.702301,"Pittsburg"
355,38.942711,-104.725347,"Colorado Springs"
356,38.8111037,-90.2925148,"Florissant"
356,31.083227,-97.787378,"Killeen"
357,38.289653,-82.301322,"Galt"
358,25.787081,-80.335317,"Doral"
358,32.344184,-111.016194,"Tucson"
359,39.225427,-94.545685,"Colorado Springs"
359,38.949789,-104.799763,"Gladstone"
360,43.572988,-84.760321,"Mount Pleasant"
361,40.198728,-100.652337,"Mccook"
362,36.38752,-105.586256,"Taos"
362,31.786216,-82.364662,"Baxley"
363,32.913081,-97.288509,"Fort Worth"
363,30.284709,-90.957223,"Prairieville"
364,35.06565,-70.516879,"Beebe"
365,38.675429,-97.481153,"Norman"
365,35.221587,-121.741011,"Woodland"
366,30.260779,-80.3255,"Slidell"
367,39.248504,-76.66744,"Arbutus"
367,38.391338,-121.41621,"Elk Grove"
368,37.979871,-122.328358,"Miles City"
369,32.3261145,-90.3046653,"Clinton"
370,33.727992,-116.400709,"Palm Desert"
371,33.481376,-84.443322,"Fayetteville"
372,40.0822209,-75.168467,"Wyncote"
373,30.106968,-95.233615,"Porter"
373,41.7424997,-74.3706537,"Napanoch"
374,42.926573,-88.110317,"Lumberton"
375,42.119505,-77.204574,"Carpentersville"
376,32.983093,-96.611927,"Sachse"
377,35.978113,-77.812272,"Rocky Mount"
378,33.9333,-84.3332,"Dunwoody"
378,34.948143,-120.4527076,"Santa Maria"
379,30.501713,-85.265283,"Hammond"
379,38.21018,-90.494371,"Shelbyville"
380,28.962586,-81.96487,"Summerfield"
381,44.290001,-93.306053,"Faribault"
382,40.479321,-86.103923,"Kokomo"
382,40.726907,-73.543756,"East Meadow"
383,35.4528545,-84.6315904,"Riverdale"
383,40.992839,-74.311823,"Athens"
384,36.030222,-90.52319,"Paragould"
385,42.859824,-71.759878,"Geneva"
386,30.704493,-86.125068,"De Funiak Springs"
386,41.978433,-78.608937,"Bradford"
387,41.407877,-73.412984,"Pineville"
387,31.331719,-92.405713,"Danbury"
388,40.071845,-83.213465,"Hazard"
388,37.29907,-86.479887,"Lebanon"
389,32.739723,-96.306024,"Terrell"
389,33.39392,-111.92791,"Tempe"
390,38.988376,-84.401131,"Alexandria"
390,33.055436,-96.767634,"Plano"
391,35.136734,-86.564496,"Fayetteville"
392,33.720124,-84.934926,"Villa Rica"
392,39.227839,-83.621758,"Hillsboro"
393,42.237645,-72.27897,"Ware"
393,41.7402659,-87.632945,"Chicago"
394,37.2458298,-77.3863435,"Colonial Heights"
394,35.608001,-78.555405,"Garner"
395,41.59913,-89.782679,"Bartlett"
395,35.207083,-87.842939,"Orland Hills"
396,39.977681,-76.671561,"York"
397,32.333083,-96.135327,"Gun Barrel City"
397,39.909219,-86.2164311,"Indianapolis"
398,34.662934,-120.465113,"Lompoc"
399,37.660652,-72.537633,"Manchester"
399,41.806569,-97.554652,"Goddard"
400,33.432882,-84.184909,"Mcdonough"
401,40.12739,-75.40152,"Norristown"
402,42.069294,-87.923386,"Mount Prospect"
403,29.4709045,-90.3243205,"Cut Off"
404,33.806034,-117.229378,"Perris"
404,42.544286,-83.172576,"Troy"
405,29.666925,-95.100045,"La Porte"
406,35.264918,-77.646169,"Kinston"
407,36.248722,-90.963337,"Pocahontas"
407,38.411762,-121.391694,"Elk Grove"
408,38.697339,-77.789836,"Warrenton"
408,40.726907,-73.543756,"East Meadow"
409,38.358741,-82.59856,"Tampa"
410,41.43277,-90.155134,"Bloomington"
410,39.141343,-86.579988,"Geneseo"
411,35.711749,-96.842036,"Chandler"
412,33.757277,-81.173508,"Decatur"
412,31.980865,-84.268408,"Savannah"
413,46.908396,-102.787045,"Dickinson"
414,33.589118,-91.552968,"Lubbock"
414,42.033289,-101.93805,"Marion"
415,32.473542,-84.312878,"Atlanta"
416,37.652043,-77.608163,"Glen Allen"
417,35.692223,-79.789581,"Asheboro"
417,36.332473,-94.126607,"Rogers"
418,32.423808,-84.945113,"Columbus"
419,42.4479441,-85.6726152,"Plainwell"
419,32.913081,-97.288509,"Fort Worth"
420,26.167944,-80.254227,"Sunrise"
421,47.105989,-122.29724,"Puyallup"
421,33.819473,-117.908042,"Anaheim"
422,29.133441,-82.693067,"Devine"
423,46.341881,-94.249555,"Baxter"
423,40.41759,-75.920373,"Temple"
424,39.358593,-72.155068,"Waterford"
424,41.37055,-79.996556,"Grafton"
425,41.080522,-99.799311,"Kankakee"
426,32.393736,-94.865301,"Kilgore"
427,35.692223,-79.789581,"Asheboro"
427,36.805056,-114.107043,"Mesquite"
428,35.978113,-77.812272,"Rocky Mount"
429,40.201449,-87.627697,"Danville"
430,36.027632,-95.947007,"Tulsa"
430,35.110211,-106.700726,"Albuquerque"
431,30.752617,-85.54706,"Chipley"
431,40.224885,-76.928412,"Camp Hill"
432,32.501376,-85.043413,"Myrtle Beach"
433,33.898037,-94.803528,"Pearisburg"
433,37.3294193,-80.7085388,"Idabel"
434,37.042359,-95.579038,"Coffeyville"
434,37.149211,-121.655172,"Morgan Hill"
435,42.015255,-88.1481438,"Streamwood"
436,33.016016,-97.071956,"Marina"
437,39.767969,-84.633418,"Eaton"
438,33.424433,-82.062901,"Augusta"
439,41.190112,-87.846595,"Bourbonnais"
439,31.178814,-85.404472,"Dothan"
440,33.88378,-84.218458,"Tucker"
441,45.032923,-92.831595,"Oak Park Heights"
441,30.399387,-89.019442,"Gulfport"
442,39.938592,-75.044627,"Cherry Hill"
443,34.291348,-92.397163,"Sheridan"
444,38.573605,-94.857295,"Paola"
444,44.860771,-93.265676,"Bloomington"
445,45.570271,-93.197832,"Cambridge"
445,34.028451,-84.658026,"Kennesaw"
446,40.3089103,-79.5813259,"Gunnison"
447,36.020391,-115.245431,"Tupelo"
447,34.254593,-88.714719,"Las Vegas"
448,28.515333,-81.462791,"Orlando"
448,40.782333,-80.383772,"Beaver Falls"
449,40.351079,-75.630465,"Bechtelsville"
450,43.1222318,-103.198186,"Milwaukee"
451,35.220709,-82.503907,"Greenwood"
452,37.337928,-80.123894,"Hallandale Beach"
453,38.781105,-93.735334,"Warrensburg"
454,47.842328,-90.023756,"Flowood"
454,32.350704,-122.299477,"Lynnwood"
455,44.959151,-92.72713,"Hudson"
456,43.516817,-96.773461,"Sioux Falls"
457,37.068529,-84.623456,"Somerset"
458,47.167646,-94.277772,"Bonney Lake"
458,36.507892,-122.171764,"Pineville"
459,39.773528,-85.976523,"Indianapolis"
460,45.100635,-93.385189,"Brooklyn Park"
460,40.316345,-79.686301,"North Huntingdon"
461,55.375474,-131.720399,"Ketchikan"
462,32.775799,-91.870221,"Bastrop"
462,46.422883,-117.049459,"Clarkston"
463,36.817489,-83.318374,"Harlan"
464,42.012834,-87.719145,"Skokie"
465,35.38984,-86.239908,"Tullahoma"
465,41.012502,-92.455508,"Ottumwa"
466,30.064712,-83.476707,"Spring"
467,30.185352,-81.609265,"Jacksonville"
468,38.102544,-85.866119,"Louisville"
469,42.791693,-96.936202,"Vermillion"
469,35.969754,-77.933938,"Nashville"
470,40.658211,-80.226573,"Economy"
470,41.238029,-73.03147,"Milford"
471,30.268847,-93.179586,"Lake Charles"
471,41.697155,-93.011703,"Newton"
472,36.911771,-93.903147,"Monett"
472,46.694534,-92.106919,"Superior"
473,40.672452,-75.342024,"Bethlehem"
474,36.156162,-115.079671,"Las Vegas"
474,42.056567,-87.835428,"Niles"
475,42.851375,-106.266907,"Casper"
476,35.047606,-89.811353,"Memphis"
476,40.098894,-111.613379,"Spanish Fork"
477,31.270914,-92.487231,"Alexandria"
478,43.319893,-73.612395,"Queensbury"
479,33.767907,-116.95555,"San Jacinto"
480,40.612665,-74.24755,"Shawano"
481,37.7679224,-83.609231,"Hardinsburg"
481,36.439395,-86.4434498,"New Tazewell"
482,32.178956,-83.177707,"Eastman"
482,36.194611,-115.226021,"Las Vegas"
483,35.470025,-78.981088,"Checotah"
483,33.64698,-95.534337,"Surfside Beach"
484,28.540478,-71.113093,"North Reading"
485,35.320606,-78.648261,"Erwin"
485,36.721028,-76.309264,"Chesapeake"
486,31.836124,-106.565677,"El Paso"
487,33.518642,-88.439114,"Columbus"
488,38.256797,-82.429866,"Wayne"
488,29.087437,-82.251193,"Ocala"
489,40.291173,-75.264154,"Hatfield"
489,35.680662,-81.230668,"Newton"
490,29.92518,-90.070085,"New Orleans"
491,35.370037,-87.835428,"Bakersfield"
492,34.948143,-90.574504,"De Soto"
492,38.150177,-120.4527076,"Santa Maria"
493,45.032923,-92.831595,"Danville"
493,40.201449,-87.627697,"Oak Park Heights"
494,39.71992,-90.270971,"Jacksonville"
494,30.443181,-88.945247,"Biloxi"
495,32.340452,-86.175231,"Montgomery"
496,38.5404591,-81.927722,"Abingdon"
496,36.714643,-90.9952384,"Washington"
497,38.5404591,-97.465846,"Washington"
498,25.4576229,-80.4731368,"Florida City"
498,26.650413,-80.110786,"Palm Springs Village"
499,32.788794,-96.599162,"Mesquite"
500,32.501376,-85.043413,"Phenix City"
500,33.942955,-78.032339,"Southport"
501,47.704135,-117.030828,"Post Falls"
502,43.500863,-83.384718,"Caro"
503,25.570918,-86.7140176,"Madison"
504,39.729508,-75.035783,"Turnersville"
505,38.26173,-93.3713094,"Knoxville"
505,35.976279,-84.011022,"Warsaw"
506,37.134096,-88.989563,"Houston"
506,33.894702,-93.299435,"Springfield"
507,28.060008,-81.816058,"Auburndale"
507,31.4452218,-85.6507187,"Ozark"
508,40.7878265,-76.5051024,"Coal Township"
508,37.550407,-77.451808,"Richmond"
509,31.178814,-85.404472,"Dothan"
509,32.745312,-96.445649,"Forney"
510,43.714983,-87.754467,"Sheboygan"
511,31.624849,-84.213742,"Albany"
511,33.107622,-82.024684,"Waynesboro"
512,41.883457,-80.749532,"Ashtabula"
512,40.225071,-74.085199,"Neptune"
513,39.475754,-118.80654,"Tyler"
513,32.282537,-95.330447,"Fallon"
514,41.965241,-84.668345,"Jonesville"
514,45.772387,-122.549467,"Battle Ground"
515,35.794678,-80.259545,"Lexington"
516,40.073985,-116.901748,"El Cajon"
517,39.079977,-84.888781,"Aurora"
517,46.817374,-92.18404,"Hermantown"
518,38.157362,-85.836005,"Louisville"
519,29.500938,-99.474166,"San Antonio"
520,37.748171,-88.971464,"Murfreesboro"
520,35.814212,-86.447192,"Marion"
521,33.391531,-111.699115,"Mesa"
521,35.781341,-81.394266,"Granite Falls"
522,34.677408,-88.56422,"Booneville"
522,45.350211,-84.974067,"Petoskey"
523,35.703335,-79.873406,"Weaverville"
524,37.241729,-93.258694,"Springfield"
525,36.3834062,-79.6670644,"Reidsville"
526,36.714643,-81.927722,"Abingdon"
527,30.06285,-90.549868,"Trumann"
528,42.8947328,-70.8664579,"Seabrook"
529,39.330546,-93.352393,"Bowling Green"
529,37.180349,-91.181652,"Springfield"
530,39.7427258,-77.5282037,"Waynesboro"
531,32.853507,-91.395153,"Oak Grove"
531,41.972503,-73.985511,"Kingston"
532,33.940766,-82.794907,"Whitesburg"
532,37.117108,-118.049799,"Santa Fe Springs"
533,39.983447,-83.145016,"Desoto"
533,32.5734336,-96.8577324,"Columbus"
534,25.9935839,-117.294445,"Miramar"
535,31.777143,-106.384345,"El Paso"
536,37.482281,-105.904108,"Alamosa"
536,32.493877,-86.398425,"Millbrook"
537,40.657293,-83.583847,"Kenton"
538,37.899113,-76.207306,"Nicholasville"
538,36.862881,-84.561954,"Norfolk"
539,27.715137,-82.332629,"Wimauma"
540,34.14914,-96.9444264,"Dallas"
541,41.60974,-83.612969,"Toledo"
542,46.7033486,-92.4518609,"Mount Pleasant"
542,32.861746,-79.788225,"Cloquet"
543,40.028409,-82.45211,"Heath"
544,39.8442693,-92.677779,"Oakdale"
544,30.793455,-75.0915553,"Deptford"
545,40.131079,-74.226408,"North Canton"
546,33.034819,-80.153299,"Summerville"
546,28.613388,-81.209065,"Oviedo"
547,36.904509,-94.880384,"Miami"
547,26.932272,-82.310316,"Englewood"
548,45.147843,-122.880034,"Woodburn"
549,28.701256,-100.480817,"Eagle Pass"
549,28.540478,-81.275989,"Orlando"
550,28.283389,-82.718394,"Port Richey"
551,40.303211,-74.676952,"Princeton"
552,39.336616,-76.400912,"Baltimore"
552,38.199176,-85.667473,"Louisville"
553,26.1477897,-75.393081,"San Benito"
553,40.286715,-97.6344279,"Harleysville"
554,37.020959,-94.811755,"Glasgow"
555,35.138917,-79.733948,"Eden"
556,37.979363,-84.531084,"Lexington"
557,29.045462,-95.459088,"Lake Jackson"
557,42.031916,-91.682032,"Cedar Rapids"
558,41.057471,-83.594348,"Findlay"
559,33.943652,-83.444484,"London"
560,41.86174,-87.8176469,"Forest Park"
560,40.986535,-76.01243,"Hazle Township"
561,33.819473,-117.908042,"Anaheim"
561,35.009675,-79.175234,"Raeford"
562,40.670612,-111.989018,"West Valley City"
563,37.461433,-121.9855022,"Madison Heights"
563,37.3900085,-79.115598,"Santa Clara"
564,38.96574,-94.668832,"Overland Park"
565,33.233185,-97.168051,"Denton"
565,35.565024,-97.547591,"The Village"
566,29.623667,-90.747928,"Houma"
567,34.413887,-90.818157,"Santa Clarita"
567,29.774315,-118.506124,"Thibodaux"
568,28.359625,-80.668453,"Merritt Island"
568,40.530175,-85.676774,"Marion"
569,31.487916,-87.633528,"San Angelo"
569,41.540572,-100.460659,"Homewood"
570,32.185694,-110.953398,"Tucson"
570,32.9673153,-80.2036081,"Summerville"
571,42.496892,-75.526931,"Norwich"
571,48.554783,-109.737138,"Havre"
572,32.664652,-97.405728,"Fort Worth"
572,33.212574,-86.828967,"Alabaster"
573,32.895003,-97.286601,"Fort Worth"
574,35.771244,-83.99179,"Alcoa"
574,39.7110384,-86.1191817,"Indianapolis"
575,26.22791,-80.155019,"Pompano Beach"
575,36.308937,-82.403788,"Johnson City"
576,26.489084,-80.121275,"Boynton Beach"
577,41.580699,-90.524339,"Davenport"
578,33.450048,-104.526774,"Buckeye"
579,44.841719,-73.0897182,"Twin Falls"
579,42.590599,-114.482885,"Saint Albans"
580,41.583497,-87.716127,"Country Club Hills"
581,41.112105,-83.221498,"Tiffin"
582,38.232244,-104.664911,"Winchester"
582,39.193917,-78.205538,"Pueblo"
583,38.358741,-90.157744,"Waterloo"
584,27.316246,-80.380818,"Port St Lucie"
585,33.803041,-84.411781,"Atlanta"
585,29.5186849,-98.6333388,"San Antonio"
586,36.241189,-91.596294,"Ash Flat"
586,39.083457,-108.474014,"Grand Junction"
587,29.045462,-95.459088,"Lake Jackson"
587,55.375474,-131.720399,"Ketchikan"
588,45.4316286,-122.7551918,"Tigard"
589,33.432882,-84.184909,"Mcdonough"
590,41.745338,-88.198078,"Naperville"
591,28.3438221,-81.94154,"Wooster"
591,40.847635,-81.3860316,"Kissimmee"
592,45.40009,-92.603656,"Saint Croix Falls"
592,40.564127,-76.012249,"Hamburg"
593,36.372286,-94.189049,"Bentonville"
594,35.364395,-97.531285,"Oklahoma City"
595,45.963776,-112.510563,"Butte"
596,38.74038,-89.032578,"New Albany"
596,34.492946,-104.736761,"Fountain"
597,33.9333,-112.1700005,"Glendale"
598,38.9837453,-94.4593203,"Raytown"
598,34.1380983,-80.9663092,"Columbia"
599,38.864222,-91.945748,"Fulton"
599,38.957531,-77.002461,"Washington"
600,40.509163,-112.01151,"Herriman"
601,33.943652,-83.444484,"Athens"
602,34.588589,-94.225872,"Mena"
602,29.911302,-90.020477,"New Orleans"
603,31.79581,-104.990371,"Timnath"
603,40.52654,-106.229737,"El Paso"
604,34.174418,-119.179256,"Diberville"
605,40.515671,-80.224153,"Moon Township"
605,32.862849,-96.754838,"Dallas"
606,39.224556,-84.591605,"Cincinnati"
606,32.793803,-96.689232,"Dallas"
607,44.492673,-89.50967,"Dekalb"
608,37.807978,-94.708671,"Fort Scott"
608,47.6584886,-117.3377956,"Spokane Valley"
609,21.3419649,-158.075334,"Kapolei"
610,43.312655,-90.349051,"Richland Center"
611,39.86797,-105.056732,"Westminster"
611,38.80758,-104.758479,"Colorado Springs"
612,36.596821,-79.430521,"Danville"
612,33.713791,-112.201314,"Glendale"
613,38.3352206,-92.5838242,"Chehalis"
613,46.678925,-122.979138,"Eldon"
614,36.280919,-94.151696,"Rogers"
614,42.012119,-92.908946,"Marshalltown"
615,34.751438,-90.524339,"Davenport"
615,41.580699,-77.464564,"Jacksonville"
616,26.436375,-80.124371,"Tulsa"
616,36.044977,-95.903172,"Delray Beach"
617,38.332009,-85.759053,"Clarksville"
617,36.670219,-93.229928,"Branson"
618,39.95167,-83.826452,"Springfield"
619,43.196977,-77.927723,"Brockport"
619,29.559137,-98.678566,"Helotes"
620,38.829015,-81.719331,"Ripley"
620,42.249781,-84.4345706,"Jackson"
621,47.233071,-123.125644,"Choctaw"
622,34.45249,-86.948782,"Hartselle"
623,26.348262,-81.833799,"Middleburg"
623,30.105744,-80.200616,"Boca Raton"
624,36.668028,-87.440031,"Chester"
625,38.134491,-96.601788,"Staunton"
625,40.848885,-79.04839,"Lincoln"
626,28.458334,-82.631272,"Spring Hill"
627,42.121102,-71.030085,"Avon"
627,35.022153,-89.830391,"Memphis"
628,30.271548,-81.757048,"Jacksonville"
629,37.045555,-100.94108,"Jurupa Valley"
630,33.135681,-79.042438,"San Marcos"
630,34.623515,-117.123423,"Lumberton"
631,29.015677,-80.993665,"New Smyrna Beach"
631,40.4897474,-89.0415186,"Bloomington"
632,33.2420091,-92.6686538,"El Dorado"
633,38.784658,-83.564806,"West Union"
634,30.189946,-88.810955,"Jackson"
634,35.551073,-95.588165,"Woodlands"
635,32.270558,-107.747058,"Deming"
636,39.979913,-75.933743,"Parkesburg"
637,29.9780086,-95.1931345,"Humble"
638,36.413982,-89.080451,"Union City"
638,33.3788255,-82.0730206,"Hephzibah"
639,37.2900499,-80.0890274,"Brea"
640,37.321668,-121.973182,"San Jose"
641,39.83948,-89.600888,"Springfield"
642,34.548085,-83.283794,"Eastanollee"
643,26.057251,-89.080451,"Naples"
644,36.3893179,-81.4811689,"West Jefferson"
644,38.8111037,-90.2925148,"Florissant"
645,45.049086,-93.064426,"Vadnais Heights"
645,42.4691915,-122.8138922,"Eagle Point"
646,35.008324,-74.062491,"Teterboro"
646,40.8626458,-85.205136,"Chattanooga"
647,41.64066,-81.44688,"Eastlake"
648,27.715137,-83.529854,"Wimauma"
648,35.862115,-82.332629,"Sevierville"
649,34.20044,-86.444966,"Andalusia"
649,31.32176,-110.015671,"Show Low"
650,43.570315,-90.886168,"Safford"
650,32.832703,-109.730199,"Viroqua"
651,30.793589,-89.865094,"Bogalusa"
651,39.502476,-86.066193,"Franklin"
652,34.677408,-88.56422,"Booneville"
652,38.004763,-84.571831,"Lexington"
653,37.137067,-93.343274,"Siloam Springs"
653,36.1752349,-94.557579,"Springfield"
654,34.9547985,-85.2447285,"Fort Oglethorpe"
655,36.705873,-121.668832,"Pekin"
656,33.501291,-81.956733,"North Augusta"
657,37.7679224,-86.4434498,"Hardinsburg"
657,38.339359,-75.162617,"Berlin"
658,26.191058,-75.759593,"Pittston"
658,41.315535,-98.131301,"Alamo"
659,39.7783555,-112.234138,"Glendale"
659,33.65067,-86.2632921,"Indianapolis"
660,26.62088,-81.937051,"Cape Coral"
660,39.722231,-105.080398,"Lakewood"
661,44.959151,-98.1518,"Hudson"
661,26.271279,-92.72713,"Edinburg"
662,35.18974,-101.793388,"Amarillo"
662,34.196077,-101.75319,"Plainview"
663,36.159391,-95.883238,"Tulsa"
664,27.552401,-99.506573,"Laredo"
664,26.318786,-80.200351,"Coconut Creek"
665,39.6458746,-79.9985471,"Morgantown"
666,36.580158,-87.412899,"Clarksville"
666,43.189246,-76.242531,"Liverpool"
667,41.461581,-81.692713,"Cleveland"
668,39.673462,-104.811188,"Aurora"
669,41.295443,-91.66222,"Washington"
670,40.125971,-84.617221,"Greenville"
671,32.525782,-92.098424,"Topeka"
671,39.039531,-95.764743,"Monroe"
672,39.475754,-118.80654,"Mountain View"
673,35.928486,-81.530125,"Lenoir"
673,41.2013398,-73.1187591,"Stratford"
674,35.911682,-83.843913,"Knoxville"
674,42.033289,-91.552968,"Marion"
675,33.790787,-117.964352,"Garden Grove"
676,45.6239,-122.562,"Vancouver"
677,37.786284,-89.028816,"Herrin"
678,40.108516,-83.715962,"Lithia Springs"
678,33.7745093,-84.6010619,"Urbana"
679,41.8186521,-90.2426849,"Clinton"
680,40.862191,-82.271284,"Ashland"
680,40.762155,-82.594877,"Ontario"
681,32.501376,-85.043413,"Phenix City"
681,42.588593,-72.284156,"Orange"
682,40.162702,-97.175372,"Fairbury"
683,35.293849,-97.606446,"Newcastle"
683,29.416963,-98.679557,"San Antonio"
684,30.255199,-98.852523,"Fredericksburg"
684,47.572888,-122.172531,"Bellevue"
685,36.948807,-86.433446,"Idaho Falls"
686,29.573864,-98.236619,"Cibolo"
686,32.084845,-110.776057,"Tucson"
687,29.573505,-95.568028,"Missouri City"
688,34.08896,-83.989918,"Buford"
689,30.2262571,-85.6462476,"Lynn Haven"
690,37.322584,-79.252851,"Lynchburg"
690,34.995904,-85.245885,"East Ridge"
691,33.857892,-79.091184,"Conway"
691,39.046101,-94.367039,"Independence"
692,39.863295,-84.09821,"Huber Heights"
693,39.586924,-106.096315,"Frisco"
694,32.97197,-99.799311,"Stamford"
694,29.8539052,-95.5090766,"Houston"
695,37.755204,-77.459698,"Ashland"
696,41.29143,-73.112949,"Schenectady"
696,42.7854,-73.941664,"Shelton"
697,38.54105,-92.118674,"Jefferson City"
698,36.183467,-94.512608,"Siloam Springs"
699,38.639191,-76.894969,"Waldorf"
699,32.629821,-97.407583,"Fort Worth"
700,36.562992,-88.271336,"Kingsport"
701,33.518173,-81.71954,"Pensacola"
702,37.196415,-93.296293,"Springfield"
703,39.311522,-84.318642,"Mason"
703,42.285163,-71.656464,"Northborough"
704,39.699876,-86.4169154,"Plainfield"
705,37.350273,-77.482847,"Chester"
705,30.532744,-87.3145137,"Pensacola"
706,40.387242,-79.824695,"North Versailles"
706,30.886011,-87.790076,"Bay Minette"
707,33.680298,-112.276167,"Palm Bay"
707,27.996642,-80.641827,"Peoria"
708,33.599042,-85.832144,"Oxford"
709,32.761895,-98.946751,"Breckenridge"
709,41.763311,-89.687013,"Rock Falls"
710,37.860092,-82.730111,"Logan"
710,27.839946,-82.044407,"Pinellas Park"
711,40.927754,-78.980652,"Punxsutawney"
712,36.206597,-83.316028,"Morristown"
713,40.555853,-76.79168,"Elizabethville"
714,35.12473,-107.825679,"Grants"
715,29.8539052,-95.5090766,"Norman"
715,35.193337,-97.422127,"Houston"
716,30.778436,-81.618596,"Saint Marys"
717,35.144791,-81.959531,"Lakeland"
717,28.000741,-106.549888,"Albuquerque"
718,33.324294,-91.797421,"New Iberia"
719,36.357486,-95.230798,"Alvin"
719,29.421683,-94.214669,"Bentonville"
720,28.0617993,-82.5521633,"Tampa"
721,29.61355,-95.644533,"Sugar Land"
721,34.979292,-81.089807,"Rock Hill"
722,34.065136,-117.222895,"Redlands"
722,40.515671,-80.224153,"Moon Township"
723,35.4528545,-84.6315904,"Athens"
724,42.882479,-84.895833,"Columbus"
724,32.552444,-78.694009,"Lancaster"
725,29.235156,-99.754271,"Uvalde"
725,41.7218,-87.6862,"Evergreen Park"
726,38.680872,-121.787924,"Woodland"
727,42.591163,-88.411543,"Lake Geneva"
727,38.2790814,-122.0352432,"Fairfield"
728,42.605454,-87.884157,"Kenosha"
728,33.713791,-112.201314,"Glendale"
729,32.842692,-97.24635,"North Richland Hills"
730,41.558358,-105.09877,"West Des Moines"
730,40.205184,-93.797575,"Longmont"
731,29.536019,-98.333469,"Converse"
732,32.227952,-84.325777,"Blue Ridge"
733,35.925361,-79.988961,"High Point"
734,31.896254,-106.438215,"El Paso"
735,32.651877,-117.094289,"Chula Vista"
736,39.808346,-74.927725,"Roanoke"
736,37.30072,-79.960692,"West Berlin"
737,37.291593,-121.9887,"San Jose"
737,33.869614,-112.154941,"Anthem"
738,38.494602,-90.29602,"Saint Louis"
738,36.036758,-94.256232,"Farmington"
739,45.365936,-122.833583,"Pleasant Grove"
740,33.059904,-110.908802,"Lagrange"
740,32.25197,-85.031485,"Tucson"
741,32.962318,-96.642557,"Garland"
741,30.641564,-88.189278,"Mobile"
742,35.174254,-78.965777,"Spring Lake"
742,39.854824,-75.024256,"Somerdale"
743,43.291583,-91.753709,"Decorah"
744,30.086635,-97.825017,"Buda"
745,32.207348,-75.858654,"Wilkes Barre"
746,35.460395,-85.043829,"Dayton"
746,27.15702,-80.218683,"Stuart"
747,39.249276,-84.42986,"Loganville"
747,33.840982,-83.911143,"Cincinnati"
748,38.923672,-95.256869,"Lawrence"
748,42.206278,-85.879254,"Paw Paw"
749,42.015255,-88.1481438,"Streamwood"
749,29.6040327,-98.2749599,"Schertz"
750,33.720124,-84.934926,"Villa Rica"
751,27.523773,-115.245037,"Palmetto"
752,41.188708,-79.396144,"Harahan"
753,39.624903,-78.835052,"Havre"
754,42.9540567,-93.750585,"Auburn"
755,29.421683,-95.230798,"Newark"
755,40.085707,-82.430723,"Alvin"
756,31.939592,-84.253058,"Thomasville"
756,36.0088,-87.739498,"Oak Ridge"
757,44.931509,-123.306736,"Dallas"
757,42.513919,-83.61331,"New Hudson"
758,40.6917441,-82.5079544,"Mansfield"
759,31.089533,-72.678888,"Killeen"
760,29.4878928,-98.5377275,"San Antonio"
760,41.935116,-71.08582,"Raynham"
761,45.1599696,-83.759967,"Blaine"
762,46.033222,-118.384132,"College Place"
762,47.865754,-121.972124,"Monroe"
763,32.747175,-94.93762,"Gilmer"
764,46.857733,-100.768147,"Bismarck"
764,34.073315,-117.886899,"West Covina"
765,41.265902,-110.953877,"Evanston"
766,33.9333,-84.3332,"Dunwoody"
766,30.005604,-90.037914,"New Orleans"
767,33.894702,-88.989563,"Houston"
768,36.3342,-86.446599,"Bentonville"
769,39.018965,-96.820674,"Junction City"
770,34.0649845,-106.8895603,"Socorro"
771,44.478239,-103.809596,"Spearfish"
772,36.260369,-115.181684,"Savoy"
773,35.277323,-81.529863,"Fort Wayne"
773,41.014001,-85.120347,"Shelby"
774,39.453074,-83.779125,"Wilmington"
774,40.811786,-73.289495,"Commack"
775,35.2179,-93.166461,"Dardanelle"
775,39.852029,-75.448983,"Boothwyn"
776,34.972966,-81.877488,"Spartanburg"
776,38.435223,-78.853029,"Harrisonburg"
777,36.058129,-95.817643,"Broken Arrow"
778,27.193124,-82.486076,"Osprey"
779,42.137766,-84.2967,"Palatine"
780,27.829339,-80.481738,"Sebastian"
780,33.796641,-111.962216,"Cave Creek"
781,36.131739,-86.907819,"Nashville"
782,34.2801955,-83.8752864,"Gainesville"
782,33.922428,-84.085591,"Lawrenceville"
783,33.998141,-81.224767,"Lexington"
783,41.72195,-85.978848,"Elkhart"
784,43.051597,-77.057757,"Newark"
784,35.109522,-106.517784,"Albuquerque"
785,38.76932,-77.136059,"Alexandria"
785,37.979363,-84.531084,"Lexington"
786,33.504905,-82.086122,"Augusta"
786,43.094308,-78.978894,"Niagara Falls"
787,40.413229,-77.023292,"Mechanicsburg"
788,37.134096,-93.299435,"San Clemente"
789,30.064353,-95.405982,"Spring"
790,37.550407,-77.451808,"Dardanelle"
791,36.020391,-115.245431,"Las Vegas"
792,39.496607,-121.57343,"Oroville"
792,30.453633,-97.607004,"Pflugerville"
793,38.865459,-86.514975,"Bedford"
794,36.0599933,-87.3812037,"Dickson"
795,35.818159,-87.999849,"Darien"
795,41.748743,-78.844998,"Morrisville"
796,35.097961,-78.918123,"Fayetteville"
797,46.7033486,-79.946037,"Cloquet"
797,35.898133,-92.4518609,"Archdale"
798,39.612001,-75.504647,"Pennsville"
798,33.552575,-117.192629,"Murrieta"
799,29.547492,-98.308116,"Universal City"
799,29.774315,-90.818157,"Thibodaux"
800,31.679967,-106.200828,"Crookston"
801,33.702814,-76.189303,"Virginia Beach"
802,47.713801,-97.411356,"Fort Worth"
803,39.037642,-94.2697,"Blue Springs"
803,36.002186,-79.799652,"Greensboro"
804,36.84596,-92.908946,"Marshalltown"
804,42.012119,-86.916529,"Russellville"
805,44.656618,-124.054416,"Newport"
806,42.987657,-88.807863,"Jefferson"
807,40.342207,-75.978374,"Wyomissing"
807,38.8111037,-90.2925148,"Florissant"
808,19.646268,-155.99092,"Kailua Kona"
809,42.8255173,-71.1111482,"Plaistow"
809,40.919007,-111.883825,"Centerville"
810,40.870859,-81.433352,"North Canton"
811,34.817941,-87.656437,"Florence"
811,35.462588,-97.389579,"Midwest City"
812,35.239523,-96.86175,"Rio Rancho"
813,35.247101,-91.687166,"Searcy"
814,39.415132,-87.690846,"Marshall"
814,38.783942,-85.377601,"Madison"
815,34.494271,-93.040121,"Hot Springs"
816,32.288399,-110.965014,"Tucson"
816,43.125152,-95.152506,"Spencer"
817,35.046249,-84.055165,"Beavercreek"
817,39.772625,-80.993615,"Tega Cay"
818,33.98091,-84.463068,"Marietta"
818,43.650236,-116.436338,"Meridian"
819,35.096683,-80.782272,"Charlotte"
820,46.694534,-92.106919,"Superior"
820,41.663123,-72.718375,"Newington"
821,39.684407,-85.136879,"Dekalb"
822,33.025001,-96.511518,"Wylie"
823,38.580049,-92.219907,"Jefferson City"
823,33.664699,-95.505897,"Paris"
824,27.315215,-90.52319,"Port St Lucie"
825,31.089533,-97.729372,"Zanesville"
825,39.891437,-82.040887,"Killeen"
826,32.531894,-94.78483,"Longview"
826,29.59176,-98.355813,"San Antonio"
827,39.601791,-87.681094,"Paris"
827,41.407877,-73.412984,"Danbury"
828,36.372286,-94.189049,"Bentonville"
829,27.453311,-99.474166,"Cicero"
830,31.089533,-97.729372,"Killeen"
831,30.258479,-94.216602,"Lumberton"
831,43.095414,-75.312346,"New Hartford"
832,35.819671,-79.822953,"Randleman"
833,39.604775,-90.822308,"Pittsfield"
833,37.823253,-82.825463,"Paintsville"
834,34.834244,-87.625236,"Florence"
835,42.012834,-87.719145,"Skokie"
835,41.296828,-72.38155,"Old Saybrook"
836,34.6971752,-106.7683411,"Belen"
836,38.528764,-122.79005,"Windsor"
837,39.046101,-94.367039,"Independence"
837,37.602992,-77.522046,"Richmond"
838,31.8670328,-89.7472559,"Magee"
838,34.209879,-78.023068,"Leland"
839,42.473368,-96.430044,"Brooklyn Center"
840,34.242149,-77.8741594,"Wilmington"
840,47.894532,-122.2558117,"Everett"
841,27.513088,-81.497158,"Sebring"
841,35.38984,-86.239908,"Tullahoma"
842,33.90295,-84.110453,"Lilburn"
842,25.935789,-80.29576,"Hialeah"
843,39.407965,-103.160521,"Hobbs"
844,46.712044,-117.175627,"Pullman"
845,36.376777,-78.984788,"Roxboro"
845,29.8979437,-95.6831967,"Cypress"
846,36.959408,-82.482406,"Ava"
847,38.436729,-90.377786,"Arnold"
848,44.291594,-82.732518,"Clearwater"
849,32.970025,-111.9752,"South Jordan"
850,35.819671,-79.822953,"Randleman"
851,36.483717,-86.888493,"Springfield"
851,26.610823,-81.814048,"Fort Myers"
852,41.008702,-76.485292,"Bloomsburg"
853,45.62615,-86.40034,"Ludington"
854,37.978619,-87.407594,"Newburgh"
855,45.4316286,-122.7551918,"Tigard"
856,41.420513,-81.754117,"Cleveland"
857,33.561222,-95.3129339,"Aiken"
857,29.7162189,-81.767261,"Houston"
858,32.703367,-97.428115,"Fort Worth"
859,32.666757,-97.209309,"Arlington"
860,32.835031,-85.178726,"Valley"
860,37.979871,-122.328358,"Richmond"
861,42.96419,-71.485444,"Bedford"
862,38.80882,-94.893071,"Gardner"
863,35.364078,-94.37876,"Fort Smith"
864,29.9590023,-89.9839444,"Chalmette"
864,47.52661,-111.296587,"Great Falls"
865,27.8158476,-82.7813795,"St Petersburg"
866,36.413982,-89.080451,"Union City"
866,39.083457,-108.474014,"Grand Junction"
867,44.708186,-75.456123,"Ogdensburg"
867,33.216703,-96.735578,"Mckinney"
868,31.270914,-92.487231,"Whitehall"
869,31.578974,-81.414975,"Albany"
869,28.428206,-84.086699,"Orlando"
870,31.320306,-89.461783,"Crockett"
870,40.630189,-95.434461,"Morton"
871,29.784042,-95.804025,"Katy"
872,39.144796,-121.653902,"Yuba City"
873,39.940379,-95.964357,"Okmulgee"
874,38.510098,-90.438772,"Fenton"
874,46.791635,-100.749948,"Bismarck"
875,29.133441,-98.894305,"Devine"
875,26.236042,-98.205346,"Mcallen"
876,40.810122,-77.89739,"State College"
877,33.664699,-95.505897,"Paris"
878,38.668326,-121.167602,"Folsom"
878,48.111047,-123.362177,"Port Angeles"
879,39.128256,-84.597178,"Cincinnati"
879,42.345046,-87.898468,"Waukegan"
880,33.898037,-94.803528,"Idabel"
880,30.477863,-87.308317,"Pensacola"
881,39.887629,-86.118971,"Indianapolis"
882,40.370349,-78.432848,"Duncansville"
883,30.556986,-84.595535,"Quincy"
884,26.205328,-80.244444,"North Lauderdale"
884,36.638695,-80.229699,"Stuart"
885,26.710328,-80.150281,"West Palm Beach"
886,45.515722,-122.89821,"Hillsboro"
887,40.623175,-79.946528,"Gibsonia"
887,40.630189,-89.461783,"Morton"
888,35.243593,-81.124876,"Gastonia"
889,42.033289,-91.552968,"Marion"
889,32.48368,-93.705344,"Shreveport"
890,38.36144,-122.692596,"Rohnert Park"
890,34.078384,-83.921922,"Buford"
891,32.934593,-80.689624,"Walterboro"
891,41.845607,-71.416056,"Providence"
892,30.64515,-97.692098,"Georgetown"
892,42.136021,-72.506862,"Springfield"
893,38.4342477,-85.450252,"Auburn"
894,32.882514,-97.386969,"Saginaw"
895,34.487945,-82.678139,"Anderson"
896,40.800592,-73.178586,"Islandia"
896,34.748243,-92.410566,"Little Rock"
897,40.866688,-74.100931,"Garfield"
898,34.964734,-94.652353,"Horn Lake"
899,42.159486,-79.968079,"Harborcreek"
900,28.555379,-96.46793,"Titusville"
900,32.931345,-80.842668,"Rockwall"
901,42.159486,-79.968079,"Harborcreek"
902,32.400301,-83.336257,"Cochran"
903,33.638953,-86.629165,"Birmingham"
903,34.1380983,-80.9663092,"Columbia"
904,38.037703,-89.459003,"Holly Springs"
904,34.7466316,-84.422031,"Lexington"
905,30.6250365,-87.9046017,"Clearwater"
905,27.959261,-82.748295,"Daphne"
906,40.0262886,-88.682353,"Meridian"
906,32.389466,-79.8989883,"West Brownsville"
907,34.90851,-82.332431,"Taylors"
907,30.477426,-81.638694,"Jacksonville"
908,36.020391,-117.083014,"Las Vegas"
908,32.606887,-115.245431,"Chula Vista"
909,43.714983,-87.754467,"Sheboygan"
909,39.578766,-79.959297,"Morgantown"
910,38.666161,-94.369474,"Harrisonville"
911,40.772792,-85.168326,"Bluffton"
911,32.5882987,-96.9245811,"Cedar Hill"
912,35.094581,-94.628209,"Poteau"
912,45.980168,-94.337543,"Little Falls"
913,39.859194,-86.39654,"Brownsburg"
914,35.028039,-90.793582,"Forrest City"
914,34.1380983,-80.9663092,"Columbia"
915,33.562105,-86.518619,"Leeds"
916,30.392334,-88.995008,"Biloxi"
916,29.348167,-98.433521,"San Antonio"
917,30.293263,-91.910347,"Breaux Bridge"
917,33.6555402,-117.9870451,"Huntington Beach"
918,34.8284813,-82.5494312,"Easley"
918,27.996875,-82.439696,"Tampa"
919,43.684941,-98.009732,"Chattanooga"
919,35.015665,-85.376526,"Mitchell"
920,35.221587,-97.481153,"Norman"
920,45.189871,-93.878478,"Buffalo"
921,43.291583,-110.260441,"Decorah"
921,31.560187,-91.753709,"Sierra Vista"
922,34.112862,-84.584433,"Omaha"
922,41.214831,-96.114293,"Woodstock"
923,27.834467,-82.682197,"Pinellas Park"
923,41.305318,-84.364403,"Defiance"
924,34.157361,-81.937051,"Cape Coral"
925,34.76783,-84.92994,"Dalton"
926,38.900475,-77.011954,"Washington"
927,39.742724,-78.432848,"Lakewood"
927,40.370349,-105.079342,"Duncansville"
928,30.392334,-88.995008,"Conyers"
929,39.723234,-121.804955,"Chico"
929,39.711341,-84.201791,"Moraine"
930,26.301269,-98.181031,"Edinburg"
931,31.750245,-93.066686,"Natchitoches"
931,30.6781469,-88.2225698,"Mobile"
932,44.951553,-116.215202,"Montevideo"
932,33.698811,-95.689822,"Coachella"
933,40.68772,-83.652427,"Cranberry Township"
933,41.354048,-80.105554,"Bowling Green"
934,35.950968,-83.940335,"Knoxville"
935,36.040217,-74.2999066,"Union"
935,40.6870876,-79.770824,"Greensboro"
936,39.9269568,-83.1205358,"Columbus"
936,33.025001,-96.511518,"Wylie"
937,41.697155,-95.595268,"Sulphur Springs"
938,26.62088,-81.937051,"Cape Coral"
939,37.063426,-113.587387,"St George"
940,32.393959,-118.384132,"Carlsbad"
941,41.583495,-71.98949,"Lisbon"
941,33.637368,-86.684495,"Birmingham"
942,37.660652,-97.554652,"Goddard"
942,39.488698,-84.326818,"Middletown"
943,41.116694,-77.480536,"Mill Hall"
943,40.780681,-124.190507,"Eureka"
944,42.801879,-71.2385,"Salem"
944,42.660563,-83.467685,"White Lake"
945,44.163908,-93.950642,"Mankato"
946,38.134491,-79.04839,"Staunton"
946,44.023733,-121.317387,"Bend"
947,43.800259,-123.043331,"Cottage Grove"
948,38.612933,-86.083814,"Salem"
949,38.931599,-122.616359,"Clearlake"
949,38.889104,-77.443029,"Chantilly"
950,27.893098,-82.764218,"Largo"
951,30.642342,-97.03214,"Rockdale"
952,32.136724,-111.000556,"Tucson"
953,39.035564,-94.641175,"Roeland Park"
954,33.008051,-80.047046,"Goose Creek"
955,32.526989,-92.113661,"Monroe"
956,34.882808,-82.355327,"Greenville"
957,34.454531,-93.060534,"Hot Springs"
957,32.432088,-97.780249,"Granbury"
958,39.046101,-94.367039,"Independence"
958,36.805056,-114.107043,"Mesquite"
959,42.538338,-83.032619,"Sterling Heights"
960,29.844264,-95.644835,"Houston"
961,37.652043,-77.608163,"Glen Allen"
961,43.48974,-83.969334,"Saginaw"
962,32.731829,-96.615424,"Balch Springs"
962,40.583976,-122.34324,"Redding"
963,37.925334,-89.804487,"Chester"
963,39.566297,-84.277752,"Franklin"
964,38.573605,-94.857295,"Paola"
965,36.714712,-91.870322,"West Plains"
965,30.793589,-89.865094,"Bogalusa"
966,33.177006,-83.444484,"Athens"
967,33.480162,-117.094503,"Temecula"
967,33.755828,-84.413627,"Atlanta"
968,29.5164259,-76.506222,"Newport News"
969,29.573345,-117.402109,"Pearland"
969,47.741455,-95.283131,"Spokane"
970,34.78855,-86.958843,"Athens"
971,32.333377,-96.620823,"Ennis"
971,30.561997,-90.95876,"Denham Springs"
972,38.635584,-121.506013,"Sacramento"
972,33.985005,-118.105078,"Pico Rivera"
973,33.872491,-117.908042,"Cerritos"
974,42.033289,-91.552968,"Marion"
975,41.354048,-83.652427,"Bowling Green"
975,29.693435,-95.210378,"Pasadena"
976,28.155373,-82.356616,"Tampa"
976,46.153058,-122.983947,"Longview"
977,41.244171,-96.025545,"Omaha"
978,39.699603,-96.672346,"Indianapolis"
979,41.266577,-82.22378,"Oberlin"
980,39.569337,-89.314967,"Gloucester"
980,37.400469,-76.528717,"Taylorville"
981,41.78391,-85.424951,"Sturgis"
981,32.765568,-97.484281,"Fort Worth"
982,38.639191,-76.894969,"Waldorf"
982,42.199521,-70.944198,"Weymouth"
983,42.137766,-121.820361,"Dixon"
983,38.471927,-88.017854,"Palatine"
984,33.719115,-84.312878,"Atlanta"
985,34.20044,-110.015671,"Show Low"
985,39.037642,-94.2697,"Blue Springs"
986,39.268764,-94.930386,"Leavenworth"
986,38.747165,-121.256983,"Roseville"
987,38.814137,-90.879016,"Wentzville"
988,42.8270741,-103.0221246,"Chadron"
989,38.988635,-90.982017,"Troy"
989,45.021718,-93.183443,"Roseville"
990,48.2888983,-85.6857848,"Kalamazoo"
991,38.070078,-97.892255,"Claremore"
992,39.673462,-104.811188,"Aurora"
993,34.444031,-118.576072,"Santa Clarita"
993,29.05658,-82.276131,"Ocala"
994,32.912532,-112.341401,"Thomaston"
994,34.592452,-84.333816,"Prescott Valley"
995,35.277323,-92.645849,"Lebanon"
995,37.663493,-81.529863,"Shelby"
996,44.426709,-71.194051,"Gorham"
996,34.54509,-82.632837,"Anderson"
997,43.162076,-88.730179,"Gadsden"
998,37.663493,-92.645849,"Lebanon"
998,44.779317,-88.5804,"Shawano"
999,46.864665,-96.865768,"Fargo"
999,38.142543,-85.586846,"Louisville"
