1,-92.436905
2,-89.586051
3,-94.979859
4,-92.3410256
5,-95.627125
6,-94.313292
7,-94.149024
8,-94.512608
9,-92.645849
10,-91.870322
11,-92.236838
12,-93.139074
13,-83.456616
14,-94.353427
16,-92.726727
17,-94.397282
18,-92.152265
19,-90.411818
20,-95.330024
21,-93.750585
22,-92.11255
23,-94.930386
24,-92.624043
25,-91.890515
26,-91.546043
27,-94.880384
28,-89.992373
29,-94.628209
31,-96.556204
32,-94.326552
33,-93.857443
34,-90.52294
35,-90.4353609
36,-94.803528
37,-95.931584
39,-95.579038
40,-92.4204522
42,-92.219907
43,-96.820674
44,-93.403975
45,-90.685267
46,-93.903147
47,-93.089251
48,-95.140418
49,-94.80181
50,-95.487949
51,-91.945748
52,-94.146954
53,-92.676527
54,-93.105157
55,-93.9018368
56,-93.735334
57,-90.982017
59,-94.472782
60,-89.872175
61,-90.777454
62,-89.238093
63,-93.4604664
64,-94.225872
65,-91.154792
66,-90.387955
67,-94.702301
68,-90.0126791
69,-90.20001
70,-96.135074
71,-90.963337
72,-95.397539
73,-92.406583
74,-97.418418
75,-92.939632
76,-92.382341
77,-94.545908
78,-93.5870153
79,-89.896103
80,-93.212017
81,-94.623206
82,-92.580065
83,-93.313985
84,-93.2511369
85,-92.259461
86,-93.714993
87,-92.722992
88,-94.7656055
89,-89.665294
90,-90.793582
91,-94.369474
92,-89.897647
93,-90.513307
94,-89.543058
95,-91.870221
96,-90.9700946
97,-94.224959
98,-91.779138
99,-91.549074
100,-96.921788
101,-88.502016
102,-88.748089
103,-88.900147
104,-97.42269
105,-94.231503
106,-81.629452
107,-95.450998
108,-97.931081
109,-88.851436
110,-88.56422
112,-88.457017
114,-95.964357
115,-91.614278
117,-88.883642
118,-89.634627
119,-88.911782
120,-92.377089
122,-90.734426
123,-94.406562
124,-92.397677
125,-95.373093
126,-97.145321
127,-96.654501
128,-97.9367127
129,-94.964667
130,-94.10924
131,-99.37645
133,-93.55634
134,-93.258694
135,-97.048223
136,-97.370172
137,-94.338702
138,-94.201133
139,-94.731474
140,-94.93762
141,-88.360427
142,-95.505897
143,-99.384178
144,-91.181652
145,-92.705761
146,-96.587537
147,-95.7404781
148,-90.574504
149,-89.032578
150,-91.687166
151,-81.927722
152,-92.296729
154,-96.194575
155,-91.596294
156,-89.971894
157,-88.43735
158,-94.652353
159,-89.021349
160,-94.802126
162,-95.837899
163,-93.066686
164,-91.941957
165,-91.894037
166,-92.836856
167,-90.771606
168,-90.9952384
169,-89.68099
170,-80.753116
172,-88.307919
173,-98.645026
174,-93.352393
175,-91.0438728
176,-94.403621
177,-97.13596
178,-94.25503
179,-95.266334
181,-96.892174
182,-89.585833
183,-92.579522
184,-94.9743933
186,-87.0513091
187,-89.186886
188,-90.037563
189,-88.98129
190,-89.398031
191,-90.641514
192,-89.922955
193,-87.918332
194,-90.270971
195,-96.629963
196,-93.072718
197,-89.1275641
198,-96.463165
201,-97.099919
202,-89.668379
203,-94.015462
204,-97.481153
205,-88.5742543
206,-97.013954
207,-93.270907
208,-88.971464
209,-97.763836
210,-88.958411
211,-97.337823
212,-89.7017327
213,-97.0041868
214,-94.184857
215,-97.976009
216,-90.549868
217,-97.41514
218,-96.65614
220,-89.222998
222,-94.459216
223,-87.060372
224,-95.914764
228,-88.532915
231,-90.879016
234,-95.098051
235,-96.456538
236,-93.3713094
237,-96.01132
238,-95.481768
239,-89.238137
240,-90.318482
241,-88.097805
242,-88.709889
243,-96.461769
244,-87.900008
245,-96.837937
246,-93.060534
247,-89.952569
248,-88.93678
249,-96.306024
250,-97.1017
251,-88.2147838
252,-87.3812037
253,-97.837408
254,-98.42438
255,-86.819155
256,-88.3972337
257,-94.478384
259,-94.954755
260,-95.1084185
261,-93.712166
262,-92.032234
263,-94.319058
264,-97.493008
265,-97.03214
266,-86.573045
268,-97.130022
269,-95.570575
270,-87.254431
273,-97.4491852
274,-96.620823
275,-97.665477
277,-93.166461
278,-87.144458
279,-90.656737
280,-95.233615
281,-86.153387
282,-86.433446
283,-89.28315
284,-85.987031
285,-86.888493
287,-86.500136
288,-92.154337
290,-92.095051
291,-86.047354
292,-92.36465
293,-85.765028
295,-90.521836
296,-86.564496
297,-92.260969
298,-89.135519
299,-93.096488
300,-94.495531
301,-86.093629
303,-86.446599
304,-96.330396
306,-96.393143
308,-96.394808
311,-90.157744
312,-85.820134
313,-86.675822
314,-96.993928
315,-88.851516
316,-93.328042
317,-86.880124
318,-89.894417
319,-92.397163
320,-94.302316
322,-95.534337
324,-96.605108
325,-95.560036
326,-95.616596
327,-91.80475
328,-96.987658
329,-97.593326
331,-96.292641
332,-89.314967
333,-95.550647
335,-98.58074
336,-91.4818482
337,-85.421882
338,-92.8588751
339,-85.49657
340,-94.22879
341,-90.017291
342,-94.15276
343,-87.840615
344,-93.216447
345,-96.721249
346,-84.360078
347,-90.046349
348,-94.194186
349,-95.25583
350,-100.035792
351,-96.992729
352,-97.780249
353,-97.373226
354,-95.677254
355,-93.7159682
356,-93.706324
358,-86.5853922
359,-95.751037
360,-93.22794
361,-94.146959
362,-95.264337
363,-94.216602
364,-96.842036
366,-92.659001
367,-97.870857
368,-94.363077
369,-87.832573
370,-98.690842
371,-88.810955
372,-88.741172
373,-97.429241
374,-82.6786822
375,-87.2769413
376,-98.2869487
377,-94.727504
378,-98.209872
379,-94.78483
380,-95.479103
382,-87.728925
383,-93.274624
384,-97.9121923
385,-86.495862
386,-97.729372
387,-87.5987915
389,-88.317878
390,-93.9937
392,-97.222507
393,-98.501632
394,-95.832943
395,-91.943449
397,-97.175372
398,-98.529274
399,-95.595268
400,-98.713481
401,-86.801229
402,-87.7238588
403,-97.597203
405,-96.89221
406,-96.106315
407,-91.1421476
408,-98.181031
409,-88.629795
410,-86.609419
411,-88.5662728
412,-86.080265
413,-89.376727
414,-86.570681
415,-96.152552
416,-86.592346
417,-98.946751
418,-89.6842294
419,-97.045087
420,-97.853623
421,-99.126629
422,-93.299048
424,-86.265657
425,-93.8677975
426,-100.900994
427,-93.819215
428,-93.941153
429,-92.324097
431,-98.245074
432,-88.38918
433,-97.176221
434,-97.520341
435,-83.830231
436,-94.014491
437,-100.480817
438,-97.753283
439,-95.230798
440,-97.633395
441,-98.179983
442,-94.039851
443,-89.024623
444,-93.17622
445,-97.43886
446,-97.093584
448,-95.817643
449,-96.819145
450,-97.669778
451,-85.199273
453,-97.712956
454,-99.331291
457,-88.337398
458,-95.256869
459,-86.416339
461,-84.595535
464,-87.504643
465,-84.278012
466,-88.688124
467,-84.743664
468,-97.300335
469,-85.265283
470,-88.439114
472,-106.438215
473,-97.945621
474,-89.146654
475,-90.3243205
477,-93.288017
478,-94.833163
479,-88.49584
480,-99.167215
481,-84.909083
482,-83.8506
483,-80.3896021
484,-101.467786
485,-106.339982
486,-96.135327
487,-81.71954
488,-97.705208
489,-84.005497
490,-84.461178
491,-95.065666
492,-84.844408
493,-93.179586
494,-94.368699
495,-97.86426
496,-83.756707
497,-85.545768
498,-95.037535
500,-95.435889
501,-82.527182
502,-92.6686538
503,-90.908985
504,-92.078505
505,-91.815233
506,-92.015743
507,-99.781732
508,-82.35647
509,-99.698021
510,-92.451864
511,-102.332146
512,-91.267157
513,-90.078758
514,-92.065731
515,-97.4261536
516,-90.751843
517,-83.996583
518,-95.7599175
519,-103.160521
520,-82.118861
522,-87.700208
523,-81.6809655
524,-89.749073
527,-82.972249
528,-97.61503
529,-91.025199
530,-94.811755
531,-82.32106
532,-98.793031
533,-81.2788792
534,-86.518619
535,-97.622266
536,-96.219695
537,-96.505841
538,-87.307191
541,-84.538624
542,-94.865301
543,-85.334473
544,-94.363615
545,-84.481231
546,-95.883238
547,-78.981088
548,-83.574228
549,-81.325575
550,-92.908946
551,-81.019502
552,-81.8334249
553,-84.597128
554,-84.506121
555,-80.963138
556,-85.489893
557,-94.758164
558,-79.091184
559,-85.66386
560,-84.213742
561,-97.405728
562,-97.274999
563,-82.848265
564,-84.443322
565,-97.716899
566,-84.30593
568,-82.519136
569,-100.509126
570,-99.081096
571,-100.969822
572,-95.457761
573,-85.441109
574,-89.594843
576,-81.0825278
578,-91.400117
579,-98.237766
580,-81.115002
581,-102.148753
582,-104.526774
583,-85.031485
584,-84.787531
585,-88.155374
587,-80.8910894
588,-84.758895
589,-85.043829
590,-82.235082
591,-97.653994
592,-79.751262
593,-81.898523
595,-81.592295
596,-79.286271
598,-81.641145
599,-82.5494312
600,-80.155096
601,-79.820891
602,-89.922169
603,-80.649858
604,-81.258013
605,-89.462832
606,-99.742518
607,-82.453847
608,-82.28115
609,-81.665835
611,-78.7684707
612,-82.678139
613,-97.445242
614,-91.264296
615,-92.730837
616,-81.485464
618,-90.588571
619,-80.842668
620,-94.16742
621,-87.46925
622,-100.836526
623,-86.452061
624,-87.473071
625,-85.496886
626,-85.229825
628,-87.673673
629,-86.958843
630,-84.6315904
631,-85.373597
632,-86.995956
633,-81.497158
634,-99.32125
635,-85.788267
636,-86.239908
637,-86.290925
638,-84.92994
639,-86.842052
640,-87.29121
641,-83.99179
642,-86.476816
643,-83.21225
644,-84.657694
645,-86.27903
646,-89.080451
647,-89.391879
648,-86.427837
649,-87.314905
650,-82.759393
651,-88.411623
652,-83.255027
654,-85.035712
655,-82.245352
656,-85.76195
657,-83.248393
658,-84.623456
660,-84.77169
661,-82.166304
663,-87.566169
664,-84.848963
665,-89.5645
667,-87.012949
668,-87.121914
669,-84.211027
670,-95.624787
671,-82.191192
672,-81.672892
674,-86.600684
675,-90.891281
676,-85.881905
677,-86.006085
679,-85.937747
680,-90.650674
681,-87.518548
682,-81.816058
683,-84.282905
684,-90.221433
685,-85.0772931
686,-84.899243
687,-85.939323
688,-83.467823
689,-81.636723
690,-82.139704
691,-85.239825
692,-85.975832
693,-80.728675
694,-85.436761
695,-85.178726
696,-86.2854032
698,-87.849349
699,-86.791446
700,-86.104138
701,-85.826397
702,-88.108643
703,-85.6507187
704,-83.707611
705,-97.5108881
706,-84.26463
707,-95.176444
708,-97.367149
709,-84.25538
711,-93.62269
712,-91.893435
713,-92.933536
715,-95.161375
716,-82.603161
717,-85.316582
718,-101.923511
719,-98.512452
720,-84.202197
722,-81.813029
723,-86.70022
724,-98.355813
725,-87.001921
726,-92.440012
728,-87.625236
729,-81.759548
730,-82.395816
731,-95.72222
732,-82.677537
733,-95.647396
734,-80.668453
735,-98.7872
736,-92.446893
737,-97.31708
738,-93.765381
739,-82.013378
740,-90.359891
741,-98.271812
742,-83.742318
743,-81.959531
745,-99.754271
746,-91.541832
747,-84.410314
749,-96.457539
750,-92.4544415
751,-96.599162
752,-100.652337
754,-98.043504
755,-101.922569
756,-97.892255
757,-89.122745
759,-87.690846
760,-91.160892
761,-100.916934
762,-88.72142
763,-81.898976
764,-94.870115
765,-89.6635797
767,-98.086147
768,-97.24635
769,-95.459088
770,-90.438772
771,-85.832144
772,-106.749837
773,-93.2624869
774,-98.981832
775,-81.829165
776,-101.970763
777,-80.827943
779,-92.616012
780,-81.458955
781,-81.937051
783,-90.468421
784,-103.200403
785,-101.793388
786,-97.07183
787,-84.648138
788,-108.15152
789,-106.549888
790,-86.367633
791,-95.854291
794,-81.618596
796,-96.120347
797,-88.190385
798,-106.52942
801,-104.60963
802,-84.198478
803,-88.417167
804,-106.587623
805,-94.017129
806,-91.090899
807,-96.906301
808,-90.119979
809,-106.608114
810,-95.43044
811,-105.614426
813,-86.478464
814,-88.2225698
815,-88.8443488
816,-89.996039
817,-81.552969
818,-81.301695
819,-101.903621
820,-85.364371
821,-82.362284
822,-85.163517
823,-81.601756
824,-84.5418153
825,-84.2035475
826,-103.678884
827,-98.127884
828,-81.281708
829,-88.162839
830,-105.904108
831,-104.222987
832,-86.934675
833,-90.134378
834,-95.283131
837,-91.371779
839,-97.00636
840,-80.564009
842,-84.129022
843,-81.224767
844,-91.10806
845,-94.153204
846,-97.098794
847,-85.743071
848,-89.232466
850,-83.94478
851,-89.644849
852,-93.585035
855,-81.217771
856,-102.907161
857,-97.036253
859,-83.31968
860,-100.234406
861,-87.686381
862,-97.9449
863,-90.268476
864,-108.769019
865,-86.823489
866,-105.048415
867,-95.882795
868,-83.94326
869,-81.424513
870,-88.411543
873,-91.753709
875,-89.379432
876,-93.88977
877,-99.33078
878,-86.64161
879,-86.131157
880,-94.353214
882,-85.998943
883,-106.022649
885,-95.57299
886,-101.75319
887,-103.2363527
889,-80.442958
890,-80.2875953
891,-84.2967
892,-90.954325
893,-87.9046017
894,-88.561536
895,-89.051617
896,-86.184915
897,-97.433801
898,-84.55707
899,-97.165389
900,-82.248155
901,-101.93805
902,-81.532397
903,-86.564528
904,-96.612191
905,-81.286787
906,-96.872464
907,-83.757943
908,-81.323329
909,-89.782679
912,-90.437959
913,-82.455801
914,-81.4692986
915,-82.139288
917,-104.523231
918,-90.4981931
919,-97.794862
920,-106.311671
921,-90.508494
922,-108.561898
924,-89.6624862
925,-89.088583
926,-105.046623
927,-82.631272
928,-81.722118
929,-97.426058
930,-90.886168
931,-80.377918
933,-91.72931
934,-90.832911
935,-80.647952
936,-96.41328
937,-88.683123
938,-104.719081
939,-93.249726
940,-91.993235
942,-97.043155
943,-81.868597
944,-87.11688
945,-90.229227
946,-88.12497
947,-82.467126
948,-97.628126
949,-82.668333
950,-95.961035
951,-86.066193
953,-97.47699
955,-98.6347552
956,-88.563421
957,-87.130418
958,-104.664911
959,-82.615299
960,-83.761891
961,-105.080953
962,-90.349051
963,-93.458551
964,-81.225781
965,-79.7388708
966,-88.811465
968,-94.367039
969,-106.565677
971,-92.479644
972,-93.325601
973,-91.142661
974,-83.177707
975,-105.191452
976,-95.3456446
977,-80.880999
978,-90.473303
979,-82.330518
980,-86.514975
981,-80.622751
982,-89.584886
983,-82.549992
985,-80.7847582
986,-81.529863
987,-85.864506
988,-81.899506
989,-80.153299
991,-80.618476
992,-95.651738
993,-97.987624
994,-97.248862
995,-97.332537
996,-95.26013
997,-90.818343
998,-105.105275
999,-81.984767
1001,-84.340272
1002,-84.171753
1003,-102.361308
1004,-87.808643
1005,-95.129139
1007,-85.37258
1008,-96.642557
1009,-107.863399
1010,-97.606446
1011,-89.486173
1012,-81.704866
1013,-95.159295
1014,-81.530125
1016,-82.586586
1017,-88.518974
1018,-93.614678
1020,-90.070338
1022,-80.481738
1023,-83.542525
1024,-84.488294
1026,-87.412899
1027,-89.837398
1028,-84.214277
1029,-83.610778
1030,-82.39888
1031,-82.377396
1033,-81.625278
1034,-80.993665
1035,-81.758379
1036,-81.315648
1037,-80.218683
1038,-82.718394
1039,-81.75302
1041,-88.995008
1042,-85.681551
1043,-86.444966
1044,-79.424516
1046,-88.178841
1047,-80.587516
1048,-94.4593203
1049,-96.627385
1050,-91.131267
1051,-97.332121
1052,-92.214686
1053,-95.484178
1054,-91.462452
1055,-86.211951
1056,-92.677779
1057,-82.392881
1058,-87.9923238
1060,-82.904918
1062,-91.76335
1063,-84.333816
1064,-87.528658
1065,-84.091669
1066,-97.970283
1067,-96.698209
1068,-96.615424
1069,-92.101796
1071,-94.545685
1072,-83.283794
1073,-83.265246
1074,-86.948782
1075,-88.9490782
1076,-98.724391
1077,-82.999064
1078,-97.78924
1080,-92.062482
1081,-79.789581
1082,-81.175949
1083,-81.983397
1084,-86.125068
1085,-80.175704
1086,-91.216458
1087,-80.064158
1088,-95.1771043
1090,-83.481958
1091,-85.766655
1092,-85.795614
1093,-82.812239
1094,-83.957813
1095,-92.604523
1096,-81.213138
1097,-79.985652
1098,-98.542307
1099,-109.730199
1100,-96.180634
1101,-83.7177241
1102,-96.300095
1103,-94.830061
1104,-98.852523
1105,-79.005857
1106,-85.637458
1108,-84.888781
1109,-90.527967
1110,-87.1839536
1111,-86.9243089
1113,-81.151125
1114,-85.941982
1117,-87.884157
1119,-85.866119
1121,-81.562702
1122,-81.462613
1124,-82.506923
1125,-82.523452
1126,-84.488515
1127,-90.506779
1128,-81.225353
1129,-97.106123
1130,-85.474983
1131,-81.099619
1132,-95.41173
1133,-84.1258516
1134,-97.689745
1135,-94.775305
1137,-80.855035
1139,-89.242838
1140,-84.312562
1141,-89.7472559
1142,-79.085802
1143,-92.098424
1144,-84.253058
1145,-98.4707
1146,-77.812272
1147,-104.770387
1148,-91.4642
1149,-106.500249
1150,-86.822779
1151,-89.813333
1152,-82.332629
1153,-82.108869
1154,-93.245949
1155,-85.593254
1156,-91.1429412
1157,-81.240857
1158,-88.611202
1159,-84.561954
1160,-89.384917
1161,-82.505657
1162,-88.096979
1163,-101.047438
1164,-96.905861
1165,-84.945512
1166,-83.3649369
1167,-111.712266
1168,-97.413451
1170,-81.462791
1171,-84.229234
1172,-87.192694
1173,-87.271985
1175,-88.068769
1176,-86.824653
1177,-82.086122
1178,-97.460819
1179,-110.015671
1180,-98.5875885
1181,-84.84871
1182,-82.825463
1183,-81.768837
1184,-77.94542
1185,-78.957212
1186,-83.715962
1187,-78.648261
1188,-110.260441
1189,-104.986182
1190,-90.524339
1191,-82.437565
1192,-79.902381
1193,-81.977138
1194,-82.332431
1195,-83.213465
1196,-89.811353
1197,-104.910747
1198,-97.753926
1199,-79.484374
1200,-97.1055235
1201,-100.460659
1202,-88.14233
1203,-84.102527
1204,-99.799311
1205,-78.883003
1206,-83.7569547
1207,-87.472383
1208,-91.004692
1210,-88.595144
1211,-78.724827
1212,-89.246586
1213,-81.956733
1214,-88.748256
1215,-104.736761
1216,-100.920992
1217,-88.756566
1218,-90.834535
1219,-108.518745
1220,-86.479887
1221,-97.660502
1222,-95.415615
1223,-82.130209
1224,-85.043413
1225,-81.877488
1226,-79.499
1227,-78.984788
1229,-87.754467
1230,-92.455508
1231,-110.839581
1233,-80.425764
1234,-81.194247
1235,-82.867627
1236,-85.676774
1237,-82.062901
1238,-77.393137
1239,-96.76555
1240,-97.6344279
1241,-77.086836
1242,-82.601448
1243,-85.856616
1244,-79.950787
1245,-105.957543
1246,-87.846595
1247,-97.692098
1248,-105.083434
1249,-112.001321
1250,-80.0890274
1251,-84.945814
1252,-78.965777
1253,-87.4058437
1254,-88.986576
1255,-83.989918
1256,-98.4799146
1257,-87.3588262
1258,-82.516228
1259,-83.843913
1260,-104.791051
1261,-84.0269
1262,-78.3092371
1263,-83.938663
1264,-80.259545
1266,-110.932468
1267,-85.377601
1268,-98.387075
1270,-86.311815
1272,-84.152321
1273,-96.430044
1274,-84.192551
1275,-110.835723
1276,-79.409875
1277,-84.578754
1279,-80.886603
1280,-84.945113
1281,-80.832332
1282,-84.166977
1283,-79.04839
1284,-90.268094
1285,-78.91059
1286,-81.17671
1287,-79.185652
1288,-77.897384
1290,-87.636218
1291,-77.06361
1292,-76.8116296
1293,-80.254227
1294,-98.43745
1295,-88.760165
1296,-86.405892
1297,-80.689624
1298,-77.968927
1299,-81.119714
1300,-108.24771
1301,-86.449696
1302,-80.035584
1303,-96.363572
1304,-83.480021
1305,-83.673274
1306,-89.649301
1307,-114.5943
1309,-83.564806
1310,-85.879296
1311,-111.325344
1313,-78.659422
1314,-84.110453
1316,-86.5953
1317,-85.188476
1318,-85.78785
1319,-77.387548
1320,-88.271336
1321,-111.5753437
1322,-103.5931748
1323,-80.734093
1324,-82.192386
1325,-105.227492
1326,-88.660015
1327,-80.203091
1328,-85.224114
1329,-93.870081
1330,-81.02998
1331,-82.68483
1332,-89.159199
1333,-92.669863
1334,-81.124124
1335,-77.8741594
1336,-89.772509
1337,-88.044234
1338,-80.11455
1339,-83.445494
1340,-83.531914
1341,-79.49697
1342,-88.198078
1343,-78.1724345
1344,-84.172455
1345,-84.359237
1346,-106.656674
1347,-84.235585
1348,-95.564858
1349,-105.540476
1350,-110.982594
1351,-95.934448
1352,-88.282838
1353,-88.087621
1354,-106.7683411
1355,-84.135082
1356,-85.13816
1358,-89.954009
1359,-112.408542
1360,-88.1481438
1361,-77.3863435
1362,-84.538647
1363,-84.6641673
1364,-85.496591
1365,-82.658168
1366,-88.586283
1367,-91.41065
1368,-83.119987
1369,-85.3986136
1370,-84.540457
1371,-82.948279
1372,-94.372817
1373,-84.760321
1374,-104.837689
1375,-113.088367
1376,-80.142537
1377,-112.30067
1378,-111.487252
1379,-81.545443
1380,-84.318642
1381,-113.51802
1382,-101.487933
1383,-89.456994
1384,-84.269663
1386,-82.271284
1387,-92.106919
1388,-87.69668
1389,-91.7623448
1390,-81.719331
1392,-88.090801
1393,-91.332345
1394,-97.169284
1395,-108.378319
1396,-85.216181
1397,-86.141957
1398,-90.394505
1399,-98.385789
1400,-109.251197
1401,-83.969609
1402,-86.647223
1403,-84.922087
1404,-110.953877
1405,-80.934023
1406,-89.916401
1407,-79.430521
1408,-85.1531
1409,-93.950642
1410,-95.035261
1411,-92.89188
1412,-91.66222
1413,-84.1786969
1414,-114.6015699
1416,-85.759053
1417,-82.524603
1418,-80.8357196
1419,-97.401127
1421,-87.033847
1422,-84.965182
1423,-105.498154
1424,-86.821007
1425,-86.887953
1427,-93.555772
1429,-88.973392
1430,-97.382927
1431,-78.402097
1432,-79.855475
1433,-84.756492
1434,-92.330641
1435,-80.429277
1436,-84.09821
1438,-97.069827
1439,-82.540367
1440,-84.107268
1442,-77.634214
1443,-84.211623
1444,-91.478152
1445,-106.939798
1446,-97.241824
1447,-90.662622
1448,-111.854681
1449,-82.740782
1450,-90.377786
1452,-84.650727
1453,-88.146349
1454,-101.411718
1455,-82.621747
1456,-84.591605
1457,-98.436532
1458,-80.09593
1459,-79.843661
1460,-77.608163
1461,-86.2164311
1462,-95.197118
1463,-76.298392
1464,-77.355454
1465,-76.671561
1466,-88.261654
1468,-91.682032
1469,-90.712128
1470,-112.2303209
1471,-100.749948
1472,-82.7813795
1473,-96.773461
1474,-82.594877
1475,-96.765997
1476,-103.809596
1477,-80.199447
1478,-84.689914
1479,-112.184744
1480,-80.285584
1481,-97.064722
1484,-87.6974256
1485,-112.223505
1486,-86.247377
1487,-86.827302
1489,-88.102649
1490,-121.273567
1491,-80.466487
1492,-115.577324
1493,-87.842939
1494,-87.952428
1495,-79.733948
1496,-86.0211573
1497,-89.893934
1498,-115.122253
1501,-82.925293
1502,-85.899957
1503,-118.174112
1504,-103.6303285
1505,-85.080495
1506,-83.787522
1507,-80.452895
1508,-88.3148487
1509,-102.787045
1510,-109.563141
1511,-121.57343
1513,-93.878478
1514,-84.33353
1515,-78.602728
1516,-96.865768
1518,-115.24648
1519,-85.976523
1520,-119.029215
1521,-100.757712
1522,-110.788467
1524,-117.354392
1525,-84.58697
1526,-80.124371
1527,-80.29576
1528,-76.772903
1529,-83.005695
1530,-83.345774
1531,-88.06511
1532,-95.889705
1533,-111.981841
1535,-117.673342
1536,-86.123747
1538,-89.710518
1539,-81.1925399
1540,-82.45211
1541,-87.277287
1542,-103.198186
1543,-85.245271
1544,-77.611455
1545,-122.232418
1546,-93.525989
1547,-82.460811
1548,-111.000556
1550,-79.988961
1552,-78.843746
1554,-106.266907
1555,-87.063735
1556,-77.62265
1557,-83.221498
1558,-87.300113
1559,-92.8656721
1560,-75.858654
1562,-118.960829
1563,-82.655528
1564,-97.545911
1565,-96.722497
1566,-96.187601
1567,-122.6444711
1568,-76.379054
1569,-94.337543
1570,-101.300201
1571,-95.382454
1572,-94.187303
1573,-88.237987
1574,-77.89739
1575,-77.062878
1576,-86.2143509
1577,-84.803637
1578,-85.171043
1579,-88.483995
1580,-76.878945
1581,-84.940946
1582,-111.699115
1583,-119.676372
1584,-96.068522
1585,-98.723048
1586,-119.778406
1587,-87.924219
1588,-122.252632
1589,-86.907616
1590,-80.694436
1591,-93.306053
1592,-80.4149
1593,-80.2138609
1594,-94.249555
1595,-118.144492
1596,-82.501568
1597,-104.82389
1598,-77.646169
1599,-80.869157
1600,-77.94866
1601,-85.835695
1602,-83.009868
1604,-85.440925
1605,-96.020173
1606,-91.428324
1607,-77.74905
1608,-87.966567
1609,-90.850498
1610,-85.283895
1611,-86.752582
1612,-75.312346
1613,-88.369181
1615,-91.183654
1616,-80.448637
1617,-87.923386
1618,-77.23991
1619,-76.418107
1621,-111.93685
1622,-95.3825068
1623,-100.311489
1624,-76.580473
1625,-76.071643
1626,-88.951475
1627,-104.8114187
1630,-117.306233
1631,-82.030359
1632,-98.8418135
1634,-117.0376617
1635,-96.12436
1636,-71.4745758
1637,-111.979569
1638,-77.986101
1639,-80.674465
1640,-111.998598
1641,-76.8408491
1642,-121.958994
1643,-84.995594
1644,-80.5863982
1645,-90.3046653
1646,-86.720194
1648,-80.190933
1650,-82.785842
1651,-83.594348
1653,-85.509212
1654,-84.007537
1656,-95.766785
1657,-93.59297
1658,-81.919583
1659,-78.853029
1660,-85.136879
1661,-91.551193
1662,-88.978984
1663,-76.863373
1664,-77.021515
1665,-85.6496235
1666,-95.371661
1667,-88.25482
1668,-84.138829
1669,-87.95279
1670,-75.570866
1671,-87.962802
1672,-80.221633
1673,-94.3788858
1674,-89.628318
1675,-75.435194
1677,-111.960968
1678,-117.229378
1680,-70.879023
1681,-84.85324
1682,-75.035783
1683,-80.08135
1684,-83.088355
1686,-71.325871
1687,-83.878052
1688,-83.897044
1689,-92.18404
1691,-85.3886916
1692,-76.528717
1694,-121.167602
1695,-81.25417
1696,-93.713782
1697,-79.0706838
1698,-90.141487
1699,-84.422495
1701,-78.373777
1702,-80.105554
1703,-111.71022
1704,-85.424951
1705,-78.7374441
1706,-79.130533
1707,-76.506222
1708,-121.760604
1709,-122.900683
1710,-75.8393042
1711,-88.730179
1713,-109.088799
1714,-78.467131
1715,-81.553726
1716,-76.218215
1717,-87.604836
1720,-122.9873398
1721,-70.343417
1722,-94.893106
1723,-121.303278
1724,-83.395824
1725,-85.976337
1727,-122.880034
1728,-78.563219
1729,-76.485292
1731,-69.1379246
1732,-89.473457
1733,-96.652042
1734,-83.384718
1735,-95.764743
1736,-85.202719
1737,-116.281073
1738,-98.406975
1739,-74.342248
1740,-97.131791
1741,-74.927725
1743,-84.668345
1744,-73.897109
1745,-81.94154
1746,-76.207306
1747,-88.339659
1751,-77.057757
1752,-91.930707
1753,-79.54191
1755,-76.975137
1756,-83.650314
1758,-111.549331
1759,-77.507534
1760,-76.5481535
1761,-77.51382
1762,-116.486956
1763,-79.345133
1764,-89.50967
1765,-76.242531
1766,-123.301989
1767,-76.013283
1768,-84.031302
1769,-95.283487
1771,-121.218572
1772,-79.90087
1773,-76.248764
1774,-82.208011
1776,-80.310563
1777,-109.565561
1779,-82.063728
1780,-88.0568914
1781,-80.229699
1782,-117.009917
1783,-77.60692
1784,-80.274249
1785,-77.297223
1786,-93.431226
1787,-68.749406
1789,-75.792787
1790,-92.831595
1791,-95.689822
1792,-115.496576
1793,-95.087846
1795,-117.3725
1796,-81.44688
1797,-70.238202
1798,-70.158672
1801,-117.175627
1802,-75.958883
1804,-111.990661
1805,-76.646598
1806,-82.310316
1809,-116.991694
1811,-111.7753758
1812,-124.252099
1813,-75.6422658
1814,-77.023292
1815,-119.634423
1816,-80.301528
1817,-111.830402
1818,-118.058396
1820,-79.943131
1821,-75.569167
1822,-72.537633
1824,-81.859196
1826,-88.043323
1827,-87.863305
1828,-104.799763
1829,-88.2607
1831,-117.286158
1832,-121.653902
1833,-111.980728
1834,-77.54043
1835,-112.510563
1837,-78.978894
1838,-112.359444
1840,-87.970999
1841,-124.189935
1842,-81.489153
1843,-117.517267
1844,-83.652427
1845,-116.384378
1851,-80.200351
1854,-76.479042
1855,-124.054416
1856,-83.76458
1857,-68.014517
1858,-81.519342
1859,-85.6943095
1860,-92.4518609
1862,-89.383286
1863,-84.365332
1864,-78.845863
1865,-78.10482
1867,-68.392911
1868,-87.745478
1869,-81.850449
1870,-86.09084
1871,-73.7018126
1872,-96.677746
1873,-117.82595
1874,-69.90761
1875,-77.066876
1876,-119.5078293
1877,-74.877754
1878,-80.549497
1880,-79.313292
1881,-89.031952
1882,-116.939
1883,-93.265533
1884,-70.699657
1885,-108.57945
1886,-78.320606
1887,-81.803347
1888,-98.794904
1889,-74.37827
1890,-82.502404
1891,-84.401131
1892,-86.103923
1895,-77.788392
1896,-95.843923
1897,-77.62979
1898,-76.177507
1900,-92.511312
1901,-71.558791
1902,-72.328871
1903,-74.124801
1905,-79.299923
1907,-86.330481
1908,-71.889147
1909,-88.480079
1910,-76.503334
1912,-73.110629
1913,-82.617059
1914,-76.8024694
1916,-121.2898911
1917,-76.8540245
1918,-83.299925
1922,-73.486997
1923,-77.927723
1924,-86.579988
1925,-112.463531
1926,-87.719145
1927,-73.764381
1928,-80.123894
1929,-121.551183
1930,-74.4663322
1932,-75.720405
1934,-80.594712
1935,-90.736319
1936,-117.049459
1937,-119.274113
1939,-86.246497
1940,-71.878742
1942,-69.644397
1943,-77.396567
1944,-84.679646
1945,-79.756686
1946,-117.915214
1948,-71.032382
1949,-72.174027
1950,-75.94744
1951,-76.390243
1952,-121.471986
1953,-78.835052
1954,-117.455339
1956,-120.365778
1957,-100.903299
1959,-81.713949
1960,-123.806587
1961,-84.617221
1962,-77.4289212
1964,-74.8427
1967,-76.510068
1969,-69.789861
1972,-78.405524
1973,-114.977327
1974,-114.032729
1976,-122.21772
1977,-73.749197
1978,-71.479866
1980,-79.5813259
1981,-78.607434
1983,-80.774023
1984,-86.425321
1985,-85.6726152
1986,-74.733605
1987,-84.062859
1988,-74.822463
1989,-95.511692
1990,-149.879549
1991,-122.856467
1992,-149.869863
1993,-81.754117
1994,-149.365105
1995,-81.418983
1997,-121.317387
1998,-82.732518
1999,-85.177153
2000,-87.459933
2001,-118.061727
2002,-79.959297
2003,-96.827953
2004,-111.042147
2006,-78.207967
2008,-82.124334
2009,-80.335317
2011,-75.225657
2012,-117.216625
2014,-73.750352
2015,-75.080864
2016,-119.17725
2018,-84.482416
2019,-86.40034
2020,-82.913153
2021,-96.840429
2022,-71.2145984
2023,-74.074726
2024,-119.7817144
2026,-118.14535
2027,-74.6533334
2028,-78.694226
2029,-86.67595
2030,-111.889315
2031,-112.092708
2032,-81.470256
2034,-73.681457
2035,-121.921182
2036,-123.125644
2038,-120.878932
2039,-75.526931
2040,-94.101305
2041,-84.055165
2043,-105.079342
2046,-78.4008523
2047,-89.653651
2049,-95.693918
2050,-91.06156
2051,-97.8232981
2052,-74.4552524
2054,-77.973335
2055,-80.758266
2056,-78.9991
2061,-75.141376
2062,-74.183699
2063,-75.487238
2065,-114.047098
2067,-82.441578
2068,-80.317897
2069,-73.847121
2070,-70.4995399
2071,-84.150415
2072,-71.994725
2074,-71.656464
2076,-78.467732
2078,-77.367429
2080,-78.693193
2083,-75.7382802
2084,-72.7084495
2087,-93.372305
2089,-80.128314
2091,-116.2292584
2092,-70.5131
2094,-120.339491
2096,-76.84513
2097,-119.798963
2099,-88.588321
2100,-84.546879
2101,-80.771923
2102,-74.226408
2106,-123.362177
2107,-106.384345
2108,-80.875137
2111,-80.6694045
2112,-76.772897
2113,-70.444719
2116,-87.8176469
2117,-76.542792
2118,-82.011398
2119,-78.811839
2120,-80.6307379
2122,-90.29602
2123,-87.999849
2124,-105.056732
2125,-93.258373
2127,-71.5054507
2128,-90.48
2131,-77.808207
2135,-77.410976
2136,-75.501823
2137,-98.642424
2138,-81.667127
2139,-86.197655
2140,-121.170575
2141,-117.938
2142,-119.986003
2143,-82.37526
2145,-117.29099
2146,-78.782797
2147,-84.402522
2148,-122.979138
2151,-75.281208
2152,-116.901748
2153,-117.932358
2154,-95.5090766
2155,-78.443618
2156,-114.32617
2157,-71.4913605
2159,-76.01243
2160,-75.039081
2163,-81.819706
2164,-82.252049
2165,-120.480337
2167,-107.865779
2168,-88.5804
2169,-76.052755
2170,-93.001975
2171,-84.767527
2172,-75.665938
2173,-83.600861
2174,-86.692544
2176,-80.079822
2177,-76.605743
2179,-72.606719
2180,-79.946456
2181,-73.028
2182,-71.555168
2183,-80.3945
2184,-74.997828
2187,-73.210877
2190,-74.850912
2192,-117.909601
2193,-72.711858
2194,-80.176247
2196,-77.456544
2198,-87.615269
2199,-81.362039
2200,-85.51646
2201,-84.392531
2203,-79.960692
2204,-83.866358
2207,-81.896852
2209,-123.043331
2210,-79.194569
2212,-89.798245
2214,-81.4800058
2215,-122.627567
2216,-72.284156
2221,-76.241112
2224,-79.863379
2225,-85.632601
2226,-76.152704
2227,-70.718142
2229,-86.932941
2230,-79.9677342
2231,-84.136145
2232,-73.882972
2233,-78.693781
2234,-83.198109
2235,-93.197832
2236,-83.476707
2237,-80.749532
2238,-77.252444
2240,-75.372294
2241,-92.9769429
2242,-81.540276
2243,-75.182865
2244,-71.350241
2245,-84.3332
2246,-122.240883
2247,-72.155068
2249,-73.638741
2250,-72.810515
2252,-84.990153
2253,-71.576877
2258,-72.27897
2259,-82.325385
2262,-82.971217
2264,-115.792468
2265,-122.288686
2266,-76.8207
2267,-98.481846
2269,-78.871643
2272,-71.444492
2273,-84.974067
2276,-92.603656
2278,-73.433253
2280,-79.84555
2281,-83.145016
2282,-96.738831
2284,-97.339246
2285,-83.826452
2286,-96.685039
2288,-76.9347117
2289,-88.038011
2290,-77.789836
2291,-77.417949
2292,-94.8968336
2293,-84.600469
2294,-83.20448
2295,-96.729903
2297,-75.691395
2299,-75.264154
2300,-75.357672
2301,-92.918766
2303,-87.905885
2306,-111.296587
2307,-121.2918143
2308,-118.80654
2309,-121.650404
2310,-75.590379
2311,-82.450053
2312,-96.888793
2315,-121.490326
2316,-83.137543
2317,-80.337243
2318,-122.93007
2320,-83.996654
2321,-79.0114629
2323,-111.865295
2325,-75.2264437
2326,-123.368758
2327,-115.245431
2328,-76.5051024
2329,-80.948897
2332,-116.543769
2335,-87.627697
2336,-85.520857
2339,-75.144632
2340,-81.66002
2342,-74.842097
2343,-79.383027
2344,-118.808893
2345,-95.568028
2346,-73.985511
2347,-81.299615
2349,-89.721537
2350,-111.825124
2351,-116.284808
2352,-112.098055
2353,-75.554149
2354,-83.972401
2355,-122.221072
2357,-117.915302
2358,-88.139233
2359,-76.66809
2360,-77.438543
2361,-87.0827258
2363,-112.000982
2364,-118.5669947
2366,-77.480536
2368,-88.986166
2369,-76.122735
2371,-87.065615
2372,-85.404472
2373,-76.19003
2376,-122.34324
2377,-79.396144
2378,-117.191347
2379,-84.034721
2380,-87.656014
2381,-81.160834
2382,-87.178959
2384,-82.2710556
2385,-75.759593
2386,-74.679828
2387,-117.402109
2389,-122.562
2390,-122.574818
2392,-112.3381
2395,-75.162617
2396,-83.032619
2397,-101.7285
2399,-80.1958952
2400,-86.467916
2401,-78.493811
2402,-79.115598
2403,-77.827361
2405,-85.780604
2406,-119.095662
2408,-82.999445
2409,-77.194327
2410,-92.495185
2412,-103.0221246
2413,-76.643297
2414,-78.352027
2415,-76.272331
2417,-84.205036
2420,-79.824695
2421,-78.743309
2422,-92.040706
2424,-115.1681177
2425,-115.124252
2426,-80.389542
2428,-122.1885064
2429,-81.807563
2430,-79.718049
2431,-122.346325
2434,-98.596047
2436,-105.818621
2437,-82.171727
2438,-114.1206899
2440,-118.15857
2441,-106.270893
2442,-82.044407
2443,-75.920373
2444,-90.7026231
2445,-82.946237
2446,-83.287605
2447,-117.745885
2448,-84.238083
2449,-85.32049
2450,-83.4429342
2451,-82.963965
2453,-84.531084
2454,-82.428195
2456,-79.544724
2457,-71.700081
2458,-81.871807
2459,-83.336402
2464,-82.7113
2465,-74.148316
2468,-75.578777
2469,-93.224698
2471,-84.031192
2472,-78.531125
2473,-80.7085388
2475,-96.967644
2476,-107.825679
2478,-74.962859
2479,-106.067639
2480,-74.58374
2481,-103.31911
2482,-85.685385
2485,-79.990957
2486,-88.197115
2488,-78.750382
2489,-89.828891
2490,-78.980652
2491,-87.866846
2492,-96.689232
2494,-111.838011
2496,-102.602019
2497,-80.358976
2498,-86.1812376
2499,-85.978848
2500,-86.293116
2501,-72.5656662
2505,-82.206339
2508,-95.310407
2510,-82.85275
2511,-86.741089
2512,-85.818345
2513,-81.731337
2514,-90.402996
2515,-78.958862
2516,-83.744349
2518,-79.764058
2519,-83.467685
2520,-121.761615
2521,-93.2988772
2522,-79.822953
2523,-76.95532
2524,-117.094503
2528,-78.912123
2529,-86.629165
2530,-89.321255
2531,-88.895194
2532,-95.152506
2534,-91.718565
2536,-90.134679
2537,-147.689549
2538,-87.041799
2539,-83.015842
2540,-95.210378
2541,-82.785025
2542,-105.054716
2543,-88.883133
2544,-80.4731368
2545,-77.545274
2547,-83.739099
2548,-97.420395
2549,-82.356616
2550,-121.433569
2552,-84.934926
2553,-87.790076
2558,-87.686198
2560,-104.994756
2561,-82.044367
2562,-104.928081
2563,-82.024684
2565,-90.023756
2566,-77.387222
2569,-80.584909
2570,-98.0384441
2571,-81.731763
2572,-97.491285
2573,-93.504868
2574,-111.893377
2575,-111.733671
2576,-98.374863
2577,-111.802765
2578,-83.404242
2579,-86.781523
2582,-83.087084
2583,-111.520207
2584,-115.6679356
2585,-116.569909
2586,-112.358141
2587,-116.646208
2588,-84.480507
2591,-86.35472
2592,-75.404416
2593,-86.118971
2594,-86.39654
2595,-82.429866
2596,-80.102348
2597,-80.095769
2598,-111.589816
2599,-82.673579
2601,-77.459698
2604,-97.53971
2605,-81.9856878
2606,-77.621472
2607,-78.910233
2608,-77.544623
2609,-81.35037
2610,-80.234958
2611,-92.459468
2612,-90.154602
2613,-83.30886
2616,-87.555088
2618,-97.512067
2619,-85.168326
2620,-95.601827
2621,-90.859838
2622,-77.531673
2624,-81.548619
2625,-91.612425
2627,-87.950503
2629,-114.515088
2630,-80.3255
2631,-79.996556
2632,-80.978396
2635,-78.781156
2638,-117.541261
2639,-81.96487
2641,-79.428301
2642,-73.74784
2643,-95.936667
2644,-82.0343166
2645,-89.849695
2646,-80.74758
2647,-76.869339
2648,-71.98949
2650,-94.772878
2652,-94.654535
2654,-81.243874
2656,-116.343373
2657,-116.283599
2658,-98.704755
2661,-84.675623
2663,-83.488377
2666,-73.944171
2668,-83.172576
2672,-81.3860316
2673,-93.494365
2675,-96.799642
2676,-115.271015
2677,-118.105078
2680,-83.759967
2681,-76.562621
2682,-90.2426849
2683,-102.4105268
2684,-104.768366
2685,-95.74349
2686,-79.391102
2696,-79.61228
2697,-79.797888
2698,-80.817636
2701,-76.127475
2702,-83.265794
2703,-81.522918
2705,-90.372369
2707,-96.672346
2708,-81.707294
2710,-111.97302
2712,-111.016194
2713,-106.700726
2714,-122.283328
2715,-96.767634
2716,-122.420703
2717,-108.467332
2718,-80.064175
2719,-78.965033
2721,-84.147583
2722,-75.6104357
2723,-92.960236
2724,-93.106041
2725,-88.0414823
2726,-87.681094
2727,-81.043891
2729,-90.151335
2731,-84.274352
2732,-92.006138
2733,-75.933743
2734,-118.049799
2736,-118.097675
2737,-80.175083
2738,-118.042273
2742,-94.604949
2743,-82.9258292
2744,-95.877746
2745,-80.155019
2746,-88.203464
2748,-88.351479
2749,-81.724969
2751,-84.536092
2752,-85.128316
2753,-80.276155
2755,-96.61515
2757,-97.367246
2761,-97.286601
2764,-85.273411
2766,-88.491799
2769,-98.009732
2770,-97.83446
2771,-77.106849
2772,-95.644533
2774,-96.857858
2780,-96.8253449
2782,-104.781091
2789,-77.002461
2791,-97.283333
2793,-94.804202
2799,-122.213722
2801,-98.422094
2802,-98.678566
2803,-98.5534196
2804,-95.75607
2806,-90.073021
2807,-90.396381
2808,-90.328063
2811,-84.194157
2815,-85.668025
2816,-77.644932
2818,-74.3988893
2820,-121.369026
2822,-94.202169
2825,-116.40247
2829,-97.554652
2830,-98.554924
2833,-93.60227
2834,-98.635461
2836,-98.356856
2839,-71.023538
2842,-84.288978
2848,-106.200828
2863,-95.868901
2871,-80.204346
2874,-74.062491
2876,-97.5442106
2877,-97.390089
2885,-118.187613
2888,-79.0815583
2889,-105.079542
2891,-84.195045
2892,-82.693067
2894,-82.4532362
2896,-82.4779256
2900,-84.184909
2901,-84.6010619
2903,-84.0598
2905,-111.644288
2906,-93.549071
2907,-81.32819
2908,-89.600888
2909,-74.550923
2910,-95.459955
2911,-76.009275
2912,-76.428826
2913,-79.9985471
2915,-76.737206
2916,-113.587387
2917,-122.419456
2918,-96.597859
2919,-96.577932
2920,-82.762319
2921,-79.590241
2922,-95.804025
2923,-104.853802
2924,-92.494451
2925,-94.296655
2926,-76.863316
2927,-99.3102148
2928,-94.908205
2929,-111.977917
2930,-83.019831
2932,-96.658586
2933,-74.293439
2934,-80.383772
2936,-122.988037
2937,-112.234138
2938,-91.470798
2939,-79.873406
2940,-117.966157
2941,-81.389802
2942,-88.612483
2944,-80.174154
2945,-83.456061
2946,-119.867706
2947,-123.169349
2948,-88.256267
2949,-119.307866
2950,-81.576671
2951,-76.459353
2952,-114.042028
2955,-96.198894
2956,-119.540466
2958,-81.099126
2959,-86.751885
2960,-97.189608
2964,-96.598969
2967,-79.968079
2968,-119.75658
2969,-82.43698
2970,-97.465846
2971,-96.94703
2973,-97.209309
2974,-97.046313
2976,-91.025189
2979,-95.602222
2980,-81.4811689
2981,-81.226511
2982,-85.586846
2983,-95.800655
2984,-95.01829
2986,-84.177792
2987,-95.561318
2989,-79.6670644
2990,-79.935709
2991,-82.102019
2992,-84.360259
2993,-81.833799
2995,-104.861788
2996,-95.591395
2997,-80.243694
3000,-97.6744168
3001,-81.164118
3003,-98.315814
3004,-85.290091
3006,-87.767311
3008,-75.026502
3009,-92.003129
3010,-76.448689
3012,-74.872818
3013,-74.329384
3014,-75.047427
3015,-83.227814
3019,-80.088336
3020,-84.19885
3021,-81.6490412
3022,-82.047909
3023,-121.376304
3024,-78.205538
3026,-115.062957
3032,-111.793378
3033,-87.440031
3034,-87.060902
3035,-111.883825
3036,-82.559178
3037,-80.017725
3038,-115.20307
3040,-82.727723
3042,-119.188261
3043,-110.940899
3044,-100.393372
3045,-104.740053
3047,-86.4329463
3048,-102.40769
3049,-101.862826
3050,-82.217003
3051,-84.025181
3052,-84.046785
3054,-98.2749599
3055,-94.98601
3056,-95.588165
3058,-88.302559
3059,-84.235582
3060,-84.730256
3061,-93.183443
3062,-84.472179
3063,-98.336154
3064,-96.816127
3065,-112.560303
3066,-71.935136
3068,-119.757584
3069,-76.79168
3071,-82.344173
3074,-82.743512
3075,-75.0915553
3077,-106.031934
3079,-95.237624
3080,-108.2261788
3081,-104.426641
3082,-97.369339
3083,-96.879774
3084,-96.815957
3085,-88.422922
3086,-97.709576
3088,-86.257839
3089,-86.830894
3092,-83.6993419
3094,-79.150829
3097,-85.67273
3099,-112.030258
3101,-86.08009
3102,-89.634432
3103,-86.310321
3104,-84.599962
3105,-89.0415186
3107,-84.050564
3108,-82.265018
3109,-112.267293
3111,-117.719321
3112,-82.482406
3113,-84.658026
3114,-116.907103
3115,-115.201607
3116,-83.43034
3117,-75.40152
3119,-118.090624
3121,-82.043985
3122,-87.361789
3123,-96.771624
3124,-90.692535
3125,-83.998011
3126,-82.0670162
3127,-83.010366
3129,-88.254122
3130,-97.204346
3132,-76.4878526
3135,-87.269068
3137,-93.1597977
3138,-87.945401
3139,-95.165177
3140,-75.862418
3141,-88.807863
3142,-80.065411
3144,-89.812168
3147,-95.235878
3148,-84.508137
3149,-116.793273
3152,-83.621758
3153,-78.608937
3154,-93.417731
3155,-99.451706
3157,-74.042466
3158,-118.506124
3160,-117.963494
3161,-80.402274
3163,-122.29724
3164,-82.407398
3165,-89.1443867
3166,-85.975906
3167,-116.968043
3169,-122.77375
3170,-92.581983
3172,-104.89727
3173,-80.724196
3174,-122.516962
3184,-75.690187
3186,-75.139103
3190,-104.879043
3191,-98.219485
3193,-82.142287
3194,-97.676453
3195,-84.326818
3197,-82.430723
3198,-77.448523
3199,-95.382651
3201,-82.040887
3202,-95.465008
3203,-104.721872
3204,-95.387051
3206,-111.901122
3207,-96.374694
3209,-121.201915
3210,-95.6504343
3211,-106.763155
3212,-88.817278
3215,-77.308069
3217,-79.053432
3219,-87.734201
3221,-89.639356
3223,-78.226188
3226,-84.292949
3227,-85.870209
3228,-81.071979
3229,-79.403377
3231,-90.529634
3234,-84.636252
3236,-111.97752
3237,-84.311428
3238,-80.262633
3239,-80.20542
3240,-93.801838
3242,-99.474166
3243,-91.552968
3245,-83.874813
3247,-97.3388787
3248,-82.856144
3249,-77.5282037
3251,-75.988013
3253,-77.523547
3254,-83.746931
3258,-76.23355
3259,-102.070354
3260,-95.465145
3264,-100.768147
3266,-84.518984
3267,-79.756949
3268,-85.376526
3270,-80.649849
3271,-85.331891
3272,-81.638694
3273,-78.07173
3274,-122.577503
3276,-121.990103
3278,-84.312878
3279,-84.268408
3281,-76.66744
3282,-81.38377
3285,-87.835428
3287,-83.649424
3288,-121.550055
3290,-106.5719999
3291,-106.699666
3292,-115.191704
3293,-119.746385
3294,-112.341401
3295,-80.993615
3298,-79.712979
3299,-116.510876
3300,-84.507908
3302,-85.369318
3304,-122.761382
3305,-84.698029
3307,-84.42986
3309,-111.584612
3310,-83.612256
3311,-122.17533
3312,-119.987509
3315,-96.150001
3316,-106.2620857
3317,-96.607311
3318,-95.387691
3319,-93.797575
3320,-79.269885
3321,-84.208364
3322,-112.136887
3323,-97.484281
3324,-83.103434
3325,-80.244444
3326,-96.883654
3327,-84.411781
3328,-74.961398
3329,-86.2441599
3330,-76.384659
3331,-106.374748
3332,-81.286934
3333,-84.277752
3334,-84.19648
3335,-87.279811
3337,-111.98108
3338,-85.6565534
3339,-74.013451
3340,-117.672495
3341,-111.83672
3342,-82.642731
3343,-122.310195
3344,-122.112545
3345,-76.7815587
3346,-75.737929
3348,-105.0386125
3349,-88.0228929
3350,-83.921922
3351,-110.314252
3352,-75.510578
3353,-83.232228
3354,-94.444776
3355,-96.601788
3357,-105.056397
3358,-82.403788
3359,-76.936528
3360,-74.363391
3361,-95.774585
3362,-101.858844
3363,-111.599933
3364,-83.0899235
3365,-76.342336
3366,-85.062999
3367,-79.804075
3368,-89.024093
3369,-83.672623
3370,-77.357871
3371,-75.821694
3373,-112.069638
3374,-114.107043
3375,-86.859166
3377,-89.350021
3379,-122.919037
3380,-98.217288
3381,-82.372798
3383,-80.661758
3384,-111.689643
3386,-103.218178
3387,-77.464564
3389,-77.566106
3390,-84.041709
3391,-104.990612
3392,-93.705344
3393,-96.629915
3395,-86.266661
3398,-82.301116
3399,-98.204566
3401,-81.517586
3402,-98.713558
3403,-78.842835
3405,-87.898468
3407,-87.867805
3408,-84.422031
3410,-114.482885
3411,-112.276167
3412,-117.024932
3420,-87.677404
3422,-98.308116
3425,-81.940449
3426,-111.638733
3427,-118.147723
3429,-76.143022
3431,-77.799061
3432,-94.1839495
3433,-97.480925
3435,-98.894305
3436,-98.858328
3438,-98.236619
3440,-85.709074
3441,-118.129015
3442,-98.6681298
3443,-97.859209
3444,-122.478581
3445,-90.453331
3454,-82.070236
3457,-74.319214
3461,-98.518627
3462,-97.786657
3463,-84.4754592
3465,-91.905412
3467,-97.3809364
3469,-96.3075792
3476,-96.3819255
3479,-84.1737497
3481,-77.522046
3482,-96.960578
3483,-87.6918276
3487,-84.87679
3488,-97.279399
3490,-106.188075
3491,-111.813194
3492,-114.594695
3493,-121.256983
3496,-95.8559141
3497,-85.946475
3498,-96.125323
3502,-97.825017
3504,-81.21099
3505,-84.012705
3506,-85.382194
3508,-85.169186
3509,-111.978633
3510,-87.337007
3511,-85.120347
3512,-80.8493703
3514,-119.853027
3515,-83.77807
3516,-97.119185
3517,-97.078114
3518,-78.84613
3519,-111.61427
3520,-95.033631
3521,-109.737138
3522,-95.127366
3523,-116.186987
3524,-94.947005
3525,-93.606956
3526,-82.067295
3527,-82.031165
3528,-80.40489
3530,-77.529197
3531,-92.9872555
3532,-88.828456
3533,-111.835983
3534,-78.023068
3536,-81.001304
3537,-75.6860817
3538,-91.113992
3539,-82.0233958
3540,-97.005713
3541,-84.949144
3542,-105.080398
3543,-88.372495
3544,-81.5059073
3545,-81.692713
3546,-105.046458
3549,-121.222549
3550,-92.513688
3551,-86.398425
3552,-96.939443
3554,-95.252718
3555,-86.619238
3556,-87.86108
3557,-101.9553076
3558,-81.476496
3559,-97.373553
3560,-82.579404
3561,-112.33649
3562,-104.613146
3563,-114.493126
3565,-114.783442
3566,-117.370036
3567,-107.2496979
3568,-87.848815
3569,-78.432848
3570,-76.385093
3572,-110.086009
3573,-96.8420367
3575,-81.248596
3577,-149.743184
3578,-119.216828
3580,-96.025545
3581,-82.023515
3582,-115.24894
3585,-79.733622
3587,-107.569572
3590,-75.724009
3592,-93.229928
3593,-71.791547
3595,-94.4907311
3599,-121.38631
3600,-117.396782
3601,-117.55851
3602,-86.058425
3604,-73.612395
3605,-81.394266
3606,-108.7591
3607,-86.135007
3608,-76.813225
3609,-79.788225
3610,-85.030381
3611,-88.283176
3613,-85.82972
3615,-86.328093
3617,-95.486715
3618,-77.910249
3622,-83.026662
3623,-112.014193
3624,-84.31842
3625,-82.523683
3627,-111.919732
3628,-84.24936
3631,-85.879254
3636,-80.103131
3638,-85.512815
3641,-111.629508
3642,-77.933938
3643,-75.024256
3645,-79.704246
3646,-78.834705
3650,-82.624121
3652,-151.225131
3654,-107.207014
3655,-84.084863
3656,-92.394811
3657,-94.837904
3659,-77.673146
3666,-86.96832
3668,-80.028306
3669,-78.565036
3670,-83.593346
3671,-81.767261
3674,-78.296957
3675,-80.9663092
3677,-98.442873
3678,-97.021079
3679,-79.8989883
3680,-97.468169
3683,-90.402201
3684,-95.767104
3685,-78.150385
3688,-84.217186
3689,-81.230185
3692,-87.9534021
3696,-88.126922
3698,-95.716448
3699,-84.077745
3700,-89.52239
3703,-94.442987
3705,-115.1082931
3706,-81.173508
3707,-83.959197
3711,-78.061712
3713,-104.905963
3714,-74.3706537
3715,-96.140832
3716,-100.4324835
3717,-80.724834
3722,-88.246334
3725,-81.417418
3729,-94.380671
3730,-81.089807
3731,-78.8436698
3732,-81.34047
3733,-96.16569
3734,-104.990371
3738,-106.74598
3739,-93.800115
3741,-84.597694
3744,-83.759015
3747,-76.012249
3752,-97.168051
3754,-84.086851
3755,-95.7428452
3756,-78.841193
3757,-87.519668
3758,-78.372899
3759,-104.623497
3760,-88.428895
3762,-80.226573
3766,-82.937533
3767,-78.989089
3770,-104.7619112
3775,-88.110317
3776,-113.364553
3777,-90.95876
3778,-78.209147
3779,-82.516223
3781,-75.398584
3783,-91.1098629
3784,-111.770375
3785,-82.677643
3788,-80.224153
3789,-79.209399
3790,-111.417486
3791,-90.196316
3792,-88.8330056
3795,-105.103991
3803,-92.5910689
3805,-96.789691
3807,-107.062518
3810,-74.714854
3816,-117.0993336
3817,-85.006727
3818,-83.612969
3819,-83.680654
3820,-78.694009
3821,-83.459494
3823,-81.814048
3824,-103.76949
3825,-81.9703485
3826,-111.089332
3827,-82.5521633
3828,-81.5345
3829,-75.546151
3830,-88.207224
3833,-78.497446
3834,-95.595099
3835,-90.445633
3837,-122.171764
3838,-83.61331
3839,-105.150934
3840,-90.986915
3841,-104.754675
3842,-81.49188
3843,-81.689142
3847,-88.339729
3849,-82.015964
3850,-85.510398
3851,-85.6857848
3852,-115.2938201
3853,-80.731964
3855,-98.471362
3858,-68.732304
3860,-97.183744
3862,-120.597175
3863,-89.188748
3865,-81.744403
3866,-78.671277
3867,-80.605164
3868,-81.035471
3870,-88.10272
3871,-96.990945
3873,-95.697854
3875,-116.384711
3876,-72.713347
3877,-83.969334
3880,-115.994856
3883,-108.581738
3884,-78.187744
3891,-86.277122
3893,-90.622671
3894,-95.100045
3895,-78.777751
3898,-104.725347
3899,-112.179904
3900,-85.712618
3903,-91.213581
3907,-122.289703
3908,-78.933084
3909,-121.574284
3910,-119.095393
3911,-104.704719
3912,-121.820361
3914,-96.180131
3916,-98.325083
3917,-98.5377275
3919,-74.085199
3920,-98.6333388
3921,-96.8973313
3923,-90.330829
3925,-106.785494
3926,-85.130382
3927,-116.9516584
3928,-89.461783
3929,-84.229305
3932,-84.4345706
3934,-98.131301
3935,-118.576072
3936,-111.756447
3937,-102.944711
3938,-84.998972
3940,-112.084777
3941,-88.229473
3942,-107.747058
3943,-85.45941
3949,-82.824082
3950,-83.1205358
3951,-111.741012
3952,-96.445649
3953,-112.172642
3954,-121.33186
3956,-117.181887
3957,-112.1129733
3959,-90.027736
3960,-86.485715
3965,-88.064689
3967,-83.42934
3970,-96.511518
3972,-96.682512
3973,-81.588346
3974,-119.248053
3975,-101.9077642
3976,-95.309766
3977,-82.506783
3979,-82.682331
3985,-107.767944
3986,-121.304762
3987,-112.026519
3988,-75.630465
3989,-112.060877
3990,-111.859477
3991,-86.484034
3992,-76.513975
3993,-79.686301
3994,-76.11748
3996,-96.124534
3997,-98.433521
3998,-97.216987
3999,-81.448001
4000,-92.485983
4001,-83.911143
4003,-78.534967
4004,-76.309264
4007,-94.151209
4010,-94.277772
4011,-86.791181
4012,-82.486076
4013,-82.69604
4016,-84.868797
4019,-111.731799
4022,-72.573946
4023,-123.134232
4024,-122.662579
4026,-85.599908
4027,-84.584433
4029,-77.643554
4031,-81.3291634
4032,-96.533952
4033,-95.512657
4037,-73.726722
4038,-78.5601586
4039,-82.256481
4041,-81.226489
4042,-82.354334
4044,-80.109045
4045,-81.672532
4047,-112.486112
4052,-82.22378
4053,-96.735578
4054,-97.292334
4055,-90.786605
4057,-97.386969
4060,-97.790515
4061,-81.222354
4065,-79.799652
4066,-80.203077
4068,-82.276131
4070,-112.2231893
4071,-112.154941
4072,-112.132538
4073,-104.774366
4075,-115.545833
4080,-114.64726
4082,-77.509207
4085,-79.273316
4086,-81.816809
4088,-111.863553
4090,-105.1362376
4093,-88.345774
4094,-79.226641
4095,-77.497937
4096,-97.546277
4097,-79.698841
4099,-84.3256768
4100,-96.114293
4104,-112.395288
4105,-122.995675
4106,-91.421907
4108,-105.09877
4110,-84.633418
4111,-83.504371
4112,-79.6076153
4117,-84.364403
4119,-81.085431
4120,-76.586763
4121,-86.216632
4122,-97.21428
4123,-84.521428
4124,-82.364662
4125,-95.0898
4127,-81.745551
4128,-119.402385
4129,-123.051328
4130,-91.617418
4131,-89.471721
4132,-88.159385
4134,-89.1136743
4136,-87.633528
4137,-81.4220487
4138,-84.334984
4139,-85.07852
4140,-74.179277
4141,-85.779878
4142,-85.667473
4143,-81.486378
4144,-97.095455
4145,-89.968726
4147,-84.571098
4150,-122.8138922
4151,-116.95555
4154,-112.420708
4155,-106.710858
4156,-92.54036
4157,-93.055836
4159,-121.860387
4161,-72.876921
4163,-88.1041709
4164,-95.671781
4165,-88.033948
4166,-111.739644
4167,-90.127186
4168,-80.041162
4169,-86.085461
4170,-74.1374739
4171,-80.126499
4172,-95.516725
4175,-75.951518
4179,-97.3054748
4180,-108.05413
4181,-122.5233909
4182,-122.47981
4183,-80.641827
4184,-88.400548
4187,-83.042617
4189,-78.044292
4190,-82.5079544
4191,-83.734855
4192,-92.118674
4193,-75.129193
4194,-97.607004
4195,-97.611333
4196,-86.162378
4197,-87.716127
4198,-80.945755
4199,-83.388909
4200,-87.6862
4201,-82.430889
4202,-76.25201
4203,-79.183835
4205,-106.5485899
4206,-112.05255
4207,-106.8895603
4208,-75.844512
4210,-76.962003
4211,-84.280172
4212,-75.478088
4225,-95.3129339
4233,-93.3162617
4235,-121.972124
4239,-110.953398
4247,-117.835671
4249,-75.138469
4260,-87.8627046
4261,-88.011026
4263,-87.965695
4264,-96.618387
4265,-80.411158
4266,-96.5744519
4268,-105.021464
4273,-118.32521
4279,-120.044129
4282,-86.773547
4284,-79.011671
4285,-92.410566
4286,-84.120553
4288,-99.462361
4289,-120.99185
4290,-96.984024
4296,-77.767965
4297,-87.407594
4298,-82.457053
4299,-75.946979
4301,-82.195931
4307,-78.555405
4309,-81.085064
4310,-80.456989
4311,-121.668832
4312,-93.771302
4313,-74.100931
4317,-83.488859
4319,-111.9752
4321,-121.655172
4323,-97.411356
4325,-111.92791
4327,-77.076589
4331,-71.913375
4332,-82.489485
4335,-84.460079
4337,-77.057343
4338,-79.175234
4342,-110.770299
4343,-75.979062
4347,-97.113369
4348,-98.1518
4349,-84.086699
4350,-96.9444264
4351,-97.9905849
4352,-84.325777
4354,-84.50442
4370,-122.859606
4372,-83.210725
4373,-111.962216
4374,-116.436338
4375,-121.142722
4376,-86.460288
4378,-83.339865
4379,-77.3060069
4380,-122.983947
4382,-77.7760349
4383,-82.924041
4384,-110.776057
4385,-119.721182
4389,-96.80786
4390,-74.106726
4391,-117.035716
4396,-86.288932
4398,-77.331973
4400,-121.880176
4401,-80.827787
4402,-76.928412
4403,-80.0838658
4404,-96.856976
4406,-120.609275
4407,-75.091761
4408,-81.260129
4409,-97.37517
4410,-83.4707493
4411,-122.679409
4415,-80.063877
4418,-80.376101
4420,-76.018944
4421,-122.549467
4422,-96.752775
4425,-80.3183
4428,-77.011954
4429,-106.447104
4432,-77.245276
4433,-117.886899
4434,-119.310199
4435,-105.061212
4437,-95.401322
4441,-77.027284
4443,-77.443029
4444,-93.2390135
4445,-93.286082
4451,-96.3425268
4454,-93.297113
4466,-87.711089
4471,-81.465424
4479,-97.787378
4481,-83.357186
4482,-95.648144
4485,-80.854194
4488,-90.264498
4489,-95.2656
4491,-112.121213
4492,-111.9016321
4493,-86.489263
4503,-95.221042
4513,-80.365806
4516,-89.839673
4522,-78.903565
4525,-86.574707
4526,-101.901918
4527,-85.671851
4528,-93.838319
4530,-97.4149287
4532,-78.77589
4533,-80.665258
4535,-79.026176
4539,-90.063157
4546,-81.760143
4547,-77.56802
4552,-96.582282
4555,-86.083814
4557,-77.364604
4560,-101.718978
4562,-97.173681
4567,-96.512181
4569,-84.087093
4571,-80.632965
4572,-79.856674
4575,-111.218821
4582,-83.440227
4589,-76.835794
4591,-83.8117412
4592,-83.336257
4595,-93.826056
4600,-97.408687
4601,-86.869567
4602,-85.473968
4607,-100.43813
4608,-92.0305
4620,-97.576797
4621,-86.49261
4635,-96.770294
