13
62
89
92
94
101
102
103
106
109
110
111
112
117
119
141
149
151
156
157
159
169
170
171
172
175
180
186
193
197
205
223
226
242
244
251
252
255
256
258
266
270
278
281
282
284
285
286
287
289
291
293
296
301
303
312
313
315
317
330
337
339
343
346
347
357
358
369
371
372
374
375
382
385
387
389
391
396
401
404
409
410
411
412
414
416
424
435
443
451
459
461
464
465
466
467
469
470
474
481
482
483
487
489
490
492
496
497
499
501
508
517
520
521
523
526
527
529
531
533
534
538
540
541
543
545
547
548
549
550
551
552
553
554
555
556
558
559
560
563
564
566
568
573
576
577
580
583
584
586
587
588
589
590
592
593
595
596
597
598
599
600
601
603
604
607
608
609
610
611
612
614
615
616
617
619
621
623
624
625
626
627
628
629
630
631
632
633
635
636
637
638
639
640
641
642
643
644
645
646
647
648
649
650
651
652
653
654
655
656
657
658
659
660
661
662
663
664
665
666
667
668
669
671
672
673
674
675
676
677
678
679
681
682
683
684
685
686
687
688
689
690
691
692
693
694
695
696
697
698
699
700
701
702
703
704
706
709
711
713
714
716
717
720
721
722
723
725
728
729
730
732
734
739
742
743
746
747
748
758
760
763
771
775
777
778
780
781
783
787
790
794
795
800
802
813
814
816
817
818
820
821
822
823
824
825
828
829
832
833
837
840
841
842
843
847
848
850
852
855
859
861
863
865
868
869
875
878
879
881
882
884
888
889
890
891
893
896
898
900
902
903
905
907
908
909
913
914
915
916
923
924
925
927
928
931
932
935
937
940
943
944
946
947
949
951
954
957
959
960
964
965
967
970
974
977
978
979
980
981
983
984
985
986
987
988
989
991
999
1001
1002
1004
1006
1007
1011
1012
1014
1015
1016
1017
1021
1022
1023
1024
1026
1027
1028
1029
1030
1031
1033
1034
1035
1036
1037
1038
1039
1040
1041
1042
1043
1044
1047
1055
1057
1058
1060
1063
1064
1065
1070
1072
1073
1074
1077
1079
1081
1082
1083
1084
1085
1087
1090
1091
1092
1093
1094
1096
1097
1101
1105
1106
1107
1108
1110
1111
1113
1114
1115
1116
1119
1120
1121
1122
1124
1125
1126
1128
1130
1131
1133
1137
1138
1140
1141
1142
1144
1146
1150
1152
1153
1155
1157
1159
1160
1161
1162
1165
1166
1169
1170
1171
1172
1173
1174
1176
1177
1181
1182
1183
1184
1185
1186
1187
1190
1191
1192
1193
1194
1195
1196
1199
1203
1205
1206
1207
1210
1211
1213
1214
1220
1223
1224
1225
1226
1227
1228
1230
1232
1233
1234
1235
1236
1237
1238
1241
1242
1243
1244
1250
1251
1252
1253
1255
1258
1259
1261
1262
1263
1264
1267
1270
1272
1274
1276
1277
1278
1279
1280
1281
1282
1283
1285
1286
1287
1288
1290
1291
1292
1293
1295
1296
1297
1298
1299
1301
1302
1304
1305
1309
1310
1312
1313
1314
1316
1317
1318
1319
1323
1324
1327
1328
1329
1330
1331
1333
1334
1335
1338
1339
1340
1341
1343
1344
1345
1347
1355
1356
1361
1364
1365
1367
1368
1370
1371
1372
1376
1379
1380
1384
1385
1386
1390
1391
1396
1397
1401
1402
1403
1405
1406
1407
1408
1412
1413
1416
1417
1418
1420
1421
1422
1424
1425
1427
1428
1431
1432
1433
1435
1436
1439
1440
1441
1442
1443
1447
1449
1451
1452
1455
1456
1458
1459
1460
1461
1463
1464
1465
1467
1468
1469
1472
1474
1477
1480
1483
1487
1491
1495
1496
1497
1501
1502
1505
1506
1507
1512
1514
1515
1519
1525
1526
1527
1528
1530
1536
1537
1539
1540
1541
1543
1544
1550
1552
1555
1557
1558
1559
1560
1561
1563
1568
1574
1575
1576
1578
1580
1581
1589
1590
1592
1593
1596
1598
1599
1600
1601
1602
1603
1604
1607
1610
1611
1614
1616
1619
1620
1622
1624
1625
1631
1638
1639
1643
1644
1645
1646
1648
1649
1650
1651
1652
1654
1655
1657
1658
1659
1660
1661
1663
1665
1666
1670
1672
1675
1679
1681
1682
1683
1684
1685
1691
1692
1695
1696
1697
1699
1701
1702
1704
1705
1706
1707
1710
1714
1715
1717
1722
1724
1726
1728
1729
1736
1741
1743
1744
1745
1746
1750
1753
1754
1755
1759
1761
1763
1767
1768
1772
1773
1774
1776
1778
1779
1781
1783
1784
1785
1788
1789
1796
1799
1800
1803
1805
1806
1813
1814
1816
1819
1820
1821
1822
1823
1824
1825
1834
1836
1842
1844
1847
1851
1852
1858
1864
1865
1869
1875
1878
1879
1886
1887
1889
1890
1891
1892
1894
1896
1897
1898
1903
1905
1907
1908
1910
1913
1914
1920
1924
1928
1930
1932
1934
1938
1939
1941
1943
1945
1947
1948
1949
1950
1951
1953
1959
1961
1962
1964
1967
1968
1972
1980
1981
1983
1984
1986
1987
1988
1993
1995
1998
2002
2007
2008
2009
2013
2015
2020
2023
2025
2027
2029
2032
2033
2041
2045
2046
2054
2055
2056
2061
2063
2064
2067
2068
2071
2073
2075
2076
2078
2079
2081
2083
2084
2085
2086
2089
2096
2098
2100
2101
2102
2105
2108
2109
2111
2112
2117
2118
2120
2121
2127
2131
2132
2133
2134
2135
2138
2143
2146
2147
2150
2151
2155
2157
2158
2159
2161
2163
2164
2169
2171
2172
2174
2176
2177
2179
2180
2181
2182
2183
2185
2188
2190
2193
2194
2196
2198
2199
2200
2201
2203
2204
2207
2210
2212
2214
2219
2221
2224
2226
2227
2229
2230
2231
2237
2238
2239
2240
2242
2243
2244
2245
2247
2248
2250
2251
2252
2254
2259
2262
2266
2268
2270
2271
2274
2280
2281
2285
2287
2288
2290
2291
2293
2294
2299
2300
2302
2310
2311
2313
2316
2317
2320
2321
2325
2328
2329
2334
2339
2340
2341
2342
2343
2346
2347
2353
2354
2356
2359
2360
2366
2367
2369
2371
2372
2373
2377
2379
2381
2382
2384
2385
2386
2388
2394
2395
2399
2400
2401
2402
2403
2407
2408
2409
2413
2414
2416
2417
2418
2419
2420
2426
2429
2430
2433
2437
2439
2442
2443
2445
2446
2451
2453
2454
2456
2457
2458
2461
2464
2465
2468
2470
2472
2473
2478
2480
2482
2485
2488
2490
2493
2497
2498
2499
2500
2505
2506
2511
2512
2513
2515
2517
2518
2522
2523
2528
2529
2530
2531
2534
2535
2536
2538
2539
2541
2544
2545
2546
2547
2549
2552
2553
2557
2558
2561
2563
2564
2565
2566
2567
2569
2571
2573
2578
2579
2580
2581
2582
2588
2591
2592
2593
2594
2595
2596
2597
2599
2600
2601
2603
2605
2606
2607
2608
2609
2610
2613
2617
2619
2622
2623
2624
2625
2628
2630
2631
2632
2635
2637
2639
2640
2641
2644
2645
2646
2647
2648
2649
2651
2654
2664
2667
2672
2678
2679
2680
2681
2682
2686
2687
2688
2691
2693
2694
2695
2696
2697
2698
2699
2700
2703
2704
2706
2708
2709
2718
2719
2720
2721
2722
2724
2727
2729
2730
2731
2733
2737
2739
2740
2745
2747
2749
2751
2752
2753
2764
2765
2778
2779
2783
2789
2794
2806
2807
2809
2810
2811
2812
2813
2814
2815
2816
2817
2818
2832
2841
2842
2849
2863
2869
2870
2871
2872
2874
2878
2888
2890
2891
2892
2893
2894
2896
2897
2900
2901
2903
2907
2909
2911
2912
2913
2915
2920
2921
2930
2931
2933
2934
2939
2941
2943
2944
2945
2950
2951
2953
2958
2959
2969
2977
2978
2980
2981
2982
2985
2986
2988
2989
2990
2991
2992
2993
2994
2997
3001
3011
3012
3014
3016
3019
3020
3021
3022
3024
3030
3033
3034
3036
3037
3040
3041
3047
3050
3051
3052
3055
3057
3059
3060
3062
3067
3069
3070
3071
3072
3074
3075
3076
3078
3087
3088
3089
3090
3091
3092
3094
3100
3101
3104
3107
3108
3110
3112
3113
3117
3121
3122
3125
3126
3128
3132
3134
3135
3140
3142
3143
3148
3152
3153
3157
3161
3164
3165
3166
3173
3175
3177
3178
3180
3181
3182
3183
3184
3185
3186
3187
3188
3189
3193
3195
3197
3198
3201
3208
3214
3215
3216
3217
3218
3222
3224
3225
3226
3227
3228
3229
3232
3233
3234
3235
3237
3238
3239
3241
3243
3244
3245
3246
3249
3251
3252
3253
3254
3255
3256
3258
3266
3267
3268
3270
3271
3272
3273
3278
3279
3280
3281
3282
3283
3284
3295
3298
3300
3302
3305
3307
3310
3319
3320
3321
3324
3325
3327
3328
3329
3330
3332
3333
3334
3335
3338
3339
3342
3345
3346
3347
3350
3352
3353
3356
3358
3359
3360
3364
3365
3366
3367
3369
3371
3375
3381
3382
3383
3385
3387
3389
3390
3394
3398
3400
3401
3403
3404
3406
3408
3409
3416
3417
3418
3424
3425
3429
3431
3440
3447
3450
3451
3452
3453
3454
3457
3458
3459
3460
3463
3464
3468
3477
3478
3479
3480
3481
3483
3485
3487
3494
3495
3497
3500
3503
3504
3505
3506
3508
3510
3511
3512
3518
3525
3526
3527
3528
3530
3534
3536
3537
3539
3541
3544
3545
3548
3551
3555
3558
3560
3568
3569
3570
3571
3574
3575
3581
3585
3589
3590
3591
3597
3602
3605
3607
3608
3609
3610
3612
3613
3615
3616
3618
3619
3620
3621
3624
3625
3626
3628
3629
3630
3632
3633
3634
3635
3636
3637
3638
3639
3640
3642
3643
3645
3646
3649
3650
3655
3659
3660
3662
3666
3668
3669
3670
3671
3673
3674
3675
3676
3679
3681
3682
3685
3687
3688
3689
3690
3691
3693
3695
3697
3700
3701
3702
3706
3707
3708
3710
3711
3712
3714
3717
3720
3721
3722
3723
3725
3726
3727
3728
3730
3732
3737
3739
3740
3741
3744
3746
3747
3748
3749
3754
3756
3757
3758
3761
3762
3764
3767
3768
3769
3771
3772
3778
3779
3780
3781
3785
3786
3788
3789
3796
3800
3802
3804
3806
3810
3811
3812
3813
3817
3818
3819
3821
3823
3825
3827
3828
3829
3831
3832
3833
3836
3842
3843
3844
3845
3846
3848
3849
3853
3859
3863
3864
3865
3866
3867
3868
3876
3878
3881
3882
3884
3885
3886
3888
3891
3892
3893
3895
3896
3897
3900
3902
3904
3905
3906
3908
3915
3918
3919
3922
3926
3938
3939
3941
3943
3944
3946
3947
3948
3949
3950
3955
3959
3960
3961
3962
3963
3964
3967
3973
3977
3979
3980
3981
3982
3984
3988
3991
3993
3995
3999
4001
4002
4003
4004
4006
4011
4012
4013
4014
4015
4016
4017
4025
4027
4028
4031
4034
4035
4037
4038
4039
4040
4041
4042
4043
4044
4045
4052
4056
4059
4061
4062
4065
4066
4068
4078
4081
4082
4083
4084
4085
4086
4087
4092
4094
4095
4097
4099
4101
4102
4103
4107
4109
4110
4112
4113
4115
4116
4117
4118
4119
4120
4123
4124
4126
4127
4133
4135
4137
4138
4140
4141
4142
4143
4145
4147
4161
4169
4170
4171
4173
4174
4175
4176
4177
4178
4183
4186
4187
4188
4189
4190
4193
4196
4198
4199
4201
4202
4203
4209
4210
4211
4227
4228
4229
4231
4249
4251
4258
4262
4265
4282
4283
4284
4286
4292
4296
4297
4298
4299
4300
4301
4303
4305
4306
4307
4308
4309
4310
4312
4313
4314
4315
4316
4318
4320
4322
4324
4326
4327
4330
4331
4332
4335
4337
4338
4343
4344
4349
4352
4353
4354
4355
4356
4357
4358
4359
4360
4363
4365
4367
4376
4377
4379
4382
4383
4390
4392
4394
4395
4396
4397
4398
4401
4402
4403
4407
4408
4412
4413
4414
4415
4417
4418
4420
4424
4425
4428
4431
4432
4439
4441
4443
4449
4456
4462
4463
4466
4468
4469
4471
4473
4474
4475
4476
4477
4478
4480
4481
4483
4484
4485
4488
4490
4493
4496
4497
4498
4499
4504
4508
4510
4512
4513
4515
4516
4517
4518
4522
4523
4524
4525
4527
4529
4531
4532
4533
4535
4538
4539
4542
4544
4546
4547
4548
4549
4550
4554
4555
4557
4559
4561
4563
4565
4566
4568
4569
4570
4571
4572
4573
4574
4576
4578
4579
4581
4582
4584
4589
4591
4592
4593
4596
4598
4601
4602
4605
4606
4609
4610
4615
4616
4617
4621
4622
4623
4624
4625
4626
4627
