2
13
19
28
35
56
57
62
65
66
79
89
92
93
94
96
101
102
103
105
106
109
110
111
112
117
118
119
141
144
148
149
151
156
157
159
167
168
169
170
171
172
175
178
180
182
183
185
186
187
188
189
190
191
192
193
194
197
202
205
208
210
212
220
222
223
226
228
231
239
240
241
242
244
247
248
251
252
255
256
258
266
270
278
279
281
282
283
284
285
286
287
289
291
293
295
296
298
300
301
303
307
309
311
312
313
315
317
318
321
330
332
334
337
339
341
343
346
347
357
358
369
371
372
374
375
382
385
387
389
391
396
401
402
404
409
410
411
412
413
414
416
418
424
430
432
435
443
451
455
457
459
461
464
465
466
467
469
470
474
479
481
482
483
487
489
490
492
496
497
499
501
508
517
520
521
522
523
526
527
529
531
533
534
538
540
541
543
544
545
547
548
549
550
551
552
553
554
555
556
558
559
560
563
564
566
567
568
573
574
576
577
578
580
583
584
585
586
587
588
589
590
592
593
595
596
597
598
599
600
601
602
603
604
605
607
608
609
610
611
612
614
615
616
617
618
619
621
623
624
625
626
627
628
629
630
631
632
633
635
636
637
638
639
640
641
642
643
644
645
646
647
648
649
650
651
652
653
654
655
656
657
658
659
660
661
662
663
664
665
666
667
668
669
671
672
673
674
675
676
677
678
679
681
682
683
684
685
686
687
688
689
690
691
692
693
694
695
696
697
698
699
700
701
702
703
704
706
709
710
711
712
713
714
716
717
720
721
722
723
725
726
728
729
730
732
734
739
740
742
743
744
746
747
748
753
757
758
759
760
762
763
764
765
770
771
773
775
777
778
780
781
783
787
790
792
794
795
797
800
802
803
805
808
813
814
815
816
817
818
820
821
822
823
824
825
828
829
832
833
837
840
841
842
843
844
845
847
848
850
851
852
855
859
861
863
865
868
869
870
873
875
878
879
881
882
884
888
889
890
891
893
894
895
896
898
900
902
903
905
907
908
909
911
912
913
914
915
916
921
923
924
925
927
928
930
931
932
934
935
937
939
940
943
944
946
947
949
951
954
956
957
959
960
962
964
965
966
967
968
970
971
972
973
974
977
978
979
980
981
982
983
984
985
986
987
988
989
990
991
999
1001
1002
1004
1006
1007
1011
1012
1014
1015
1016
1017
1020
1021
1022
1023
1024
1026
1027
1028
1029
1030
1031
1033
1034
1035
1036
1037
1038
1039
1040
1041
1042
1043
1044
1046
1047
1048
1055
1057
1058
1060
1063
1064
1065
1070
1071
1072
1073
1074
1075
1077
1079
1081
1082
1083
1084
1085
1087
1089
1090
1091
1092
1093
1094
1096
1097
1100
1101
1105
1106
1107
1108
1109
1110
1111
1113
1114
1115
1116
1117
1119
1120
1121
1122
1124
1125
1126
1127
1128
1130
1131
1133
1136
1137
1138
1139
1140
1141
1142
1144
1146
1150
1151
1152
1153
1155
1157
1158
1159
1160
1161
1162
1165
1166
1169
1170
1171
1172
1173
1174
1175
1176
1177
1181
1182
1183
1184
1185
1186
1187
1190
1191
1192
1193
1194
1195
1196
1199
1202
1203
1205
1206
1207
1209
1210
1211
1212
1213
1214
1217
1218
1220
1223
1224
1225
1226
1227
1228
1229
1230
1232
1233
1234
1235
1236
1237
1238
1241
1242
1243
1244
1246
1250
1251
1252
1253
1254
1255
1257
1258
1259
1261
1262
1263
1264
1265
1267
1270
1272
1274
1276
1277
1278
1279
1280
1281
1282
1283
1285
1286
1287
1288
1290
1291
1292
1293
1295
1296
1297
1298
1299
1301
1302
1303
1304
1305
1306
1309
1310
1312
1313
1314
1315
1316
1317
1318
1319
1320
1323
1324
1326
1327
1328
1329
1330
1331
1332
1333
1334
1335
1336
1337
1338
1339
1340
1341
1342
1343
1344
1345
1347
1352
1353
1355
1356
1357
1358
1360
1361
1362
1363
1364
1365
1366
1367
1368
1369
1370
1371
1372
1373
1376
1379
1380
1383
1384
1385
1386
1387
1388
1389
1390
1391
1392
1393
1396
1397
1398
1401
1402
1403
1405
1406
1407
1408
1409
1410
1411
1412
1413
1415
1416
1417
1418
1419
1420
1421
1422
1424
1425
1427
1428
1429
1431
1432
1433
1434
1435
1436
1437
1438
1439
1440
1441
1442
1443
1444
1447
1449
1450
1451
1452
1453
1455
1456
1457
1458
1459
1460
1461
1462
1463
1464
1465
1466
1467
1468
1469
1471
1472
1473
1474
1475
1476
1477
1478
1480
1481
1482
1483
1484
1486
1487
1489
1491
1493
1494
1495
1496
1497
1500
1501
1502
1504
1505
1506
1507
1508
1509
1512
1513
1514
1515
1516
1519
1525
1526
1527
1528
1529
1530
1531
1536
1537
1538
1539
1540
1541
1542
1543
1544
1546
1547
1549
1550
1552
1555
1556
1557
1558
1559
1560
1561
1563
1565
1566
1568
1569
1570
1571
1572
1573
1574
1575
1576
1577
1578
1579
1580
1581
1585
1587
1589
1590
1591
1592
1593
1594
1596
1598
1599
1600
1601
1602
1603
1604
1606
1607
1608
1609
1610
1611
1612
1613
1614
1615
1616
1617
1618
1619
1620
1622
1623
1624
1625
1626
1631
1632
1635
1636
1638
1639
1641
1643
1644
1645
1646
1647
1648
1649
1650
1651
1652
1653
1654
1655
1656
1657
1658
1659
1660
1661
1662
1663
1664
1665
1666
1667
1668
1669
1670
1671
1672
1673
1674
1675
1676
1679
1680
1681
1682
1683
1684
1685
1686
1687
1688
1689
1691
1692
1693
1695
1696
1697
1698
1699
1701
1702
1704
1705
1706
1707
1710
1711
1712
1714
1715
1716
1717
1718
1719
1721
1722
1724
1725
1726
1728
1729
1730
1731
1732
1734
1736
1739
1741
1743
1744
1745
1746
1747
1750
1751
1752
1753
1754
1755
1756
1759
1760
1761
1763
1764
1765
1767
1768
1772
1773
1774
1776
1778
1779
1780
1781
1783
1784
1785
1786
1787
1788
1789
1790
1791
1793
1794
1796
1797
1798
1799
1800
1802
1803
1804
1805
1806
1813
1814
1816
1819
1820
1821
1822
1823
1824
1825
1826
1827
1829
1834
1835
1836
1837
1839
1840
1842
1844
1847
1850
1851
1852
1854
1856
1857
1858
1859
1860
1861
1862
1863
1864
1865
1866
1867
1868
1869
1870
1871
1874
1875
1877
1878
1879
1880
1881
1883
1884
1885
1886
1887
1889
1890
1891
1892
1894
1895
1896
1897
1898
1899
1900
1901
1902
1903
1904
1905
1907
1908
1909
1910
1912
1913
1914
1917
1918
1920
1922
1923
1924
1926
1927
1928
1930
1931
1932
1934
1935
1938
1939
1940
1941
1942
1943
1944
1945
1947
1948
1949
1950
1951
1953
1957
1959
1961
1962
1964
1965
1967
1968
1969
1971
1972
1977
1978
1980
1981
1982
1983
1984
1985
1986
1987
1988
1993
1995
1998
1999
2000
2002
2004
2005
2006
2007
2008
2009
2010
2011
2013
2014
2015
2018
2019
2020
2022
2023
2025
2027
2028
2029
2032
2033
2034
2037
2039
2041
2042
2045
2046
2047
2048
2052
2053
2054
2055
2056
2057
2058
2059
2060
2061
2062
2063
2064
2065
2067
2068
2069
2070
2071
2072
2073
2074
2075
2076
2078
2079
2080
2081
2082
2083
2084
2085
2086
2089
2090
2092
2093
2096
2098
2099
2100
2101
2102
2104
2105
2108
2109
2111
2112
2113
2116
2117
2118
2119
2120
2121
2122
2123
2126
2127
2128
2129
2131
2132
2133
2134
2135
2136
2138
2139
2143
2144
2146
2147
2150
2151
2155
2156
2157
2158
2159
2160
2161
2162
2163
2164
2166
2168
2169
2170
2171
2172
2173
2174
2176
2177
2179
2180
2181
2182
2183
2184
2185
2187
2188
2190
2193
2194
2196
2198
2199
2200
2201
2203
2204
2207
2210
2212
2214
2216
2217
2218
2219
2220
2221
2223
2224
2225
2226
2227
2228
2229
2230
2231
2232
2233
2234
2235
2236
2237
2238
2239
2240
2241
2242
2243
2244
2245
2247
2248
2249
2250
2251
2252
2253
2254
2258
2259
2262
2263
2266
2268
2269
2270
2271
2272
2273
2274
2276
2278
2279
2280
2281
2285
2287
2288
2289
2290
2291
2293
2294
2295
2297
2298
2299
2300
2301
2302
2303
2306
2310
2311
2313
2316
2317
2320
2321
2325
2328
2329
2334
2335
2336
2339
2340
2341
2342
2343
2346
2347
2349
2353
2354
2356
2358
2359
2360
2361
2366
2367
2368
2369
2370
2371
2372
2373
2377
2379
2380
2381
2382
2384
2385
2386
2388
2394
2395
2396
2398
2399
2400
2401
2402
2403
2405
2407
2408
2409
2413
2414
2415
2416
2417
2418
2419
2420
2421
2426
2429
2430
2432
2433
2436
2437
2438
2439
2442
2443
2444
2445
2446
2448
2449
2450
2451
2453
2454
2456
2457
2458
2459
2461
2462
2464
2465
2466
2467
2468
2469
2470
2471
2472
2473
2477
2478
2480
2482
2483
2484
2485
2486
2488
2490
2491
2493
2497
2498
2499
2500
2501
2502
2503
2505
2506
2510
2511
2512
2513
2514
2515
2516
2517
2518
2519
2522
2523
2528
2529
2530
2531
2532
2534
2535
2536
2538
2539
2541
2543
2544
2545
2546
2547
2549
2552
2553
2557
2558
2561
2563
2564
2565
2566
2567
2568
2569
2571
2573
2578
2579
2580
2581
2582
2588
2590
2591
2592
2593
2594
2595
2596
2597
2599
2600
2601
2602
2603
2605
2606
2607
2608
2609
2610
2611
2612
2613
2614
2615
2616
2617
2619
2620
2622
2623
2624
2625
2627
2628
2630
2631
2632
2635
2637
2639
2640
2641
2642
2644
2645
2646
2647
2648
2649
2651
2652
2653
2654
2655
2659
2660
2661
2663
2664
2666
2667
2668
2672
2673
2678
2679
2680
2681
2682
2686
2687
2688
2689
2690
2691
2692
2693
2694
2695
2696
2697
2698
2699
2700
2701
2702
2703
2704
2706
2708
2709
2717
2718
2719
2720
2721
2722
2723
2724
2725
2726
2727
2729
2730
2731
2733
2737
2739
2740
2742
2743
2744
2745
2746
2747
2748
2749
2750
2751
2752
2753
2764
2765
2766
2769
2771
2777
2778
2779
2783
2789
2794
2806
2807
2808
2809
2810
2811
2812
2813
2814
2815
2816
2817
2818
2822
2832
2833
2835
2839
2841
2842
2849
2863
2869
2870
2871
2872
2874
2875
2878
2888
2890
2891
2892
2893
2894
2896
2897
2898
2900
2901
2903
2906
2907
2908
2909
2911
2912
2913
2915
2920
2921
2926
2928
2930
2931
2932
2933
2934
2938
2939
2941
2942
2943
2944
2945
2948
2950
2951
2952
2953
2954
2957
2958
2959
2966
2967
2969
2977
2978
2980
2981
2982
2985
2986
2988
2989
2990
2991
2992
2993
2994
2997
3001
3004
3005
3006
3008
3010
3011
3012
3013
3014
3015
3016
3019
3020
3021
3022
3024
3030
3031
3033
3034
3036
3037
3040
3041
3047
3050
3051
3052
3055
3057
3058
3059
3060
3061
3062
3066
3067
3069
3070
3071
3072
3074
3075
3076
3078
3085
3087
3088
3089
3090
3091
3092
3094
3097
3100
3101
3102
3103
3104
3105
3107
3108
3110
3112
3113
3116
3117
3121
3122
3125
3126
3127
3128
3129
3132
3133
3134
3135
3137
3138
3140
3141
3142
3143
3144
3148
3152
3153
3154
3157
3161
3164
3165
3166
3170
3171
3173
3175
3177
3178
3179
3180
3181
3182
3183
3184
3185
3186
3187
3188
3189
3193
3195
3197
3198
3200
3201
3207
3208
3212
3214
3215
3216
3217
3218
3219
3221
3222
3223
3224
3225
3226
3227
3228
3229
3232
3233
3234
3235
3237
3238
3239
3240
3241
3243
3244
3245
3246
3248
3249
3251
3252
3253
3254
3255
3256
3257
3258
3264
3266
3267
3268
3270
3271
3272
3273
3278
3279
3280
3281
3282
3283
3284
3285
3287
3295
3297
3298
3300
3302
3305
3307
3310
3313
3315
3317
3319
3320
3321
3324
3325
3327
3328
3329
3330
3332
3333
3334
3335
3338
3339
3342
3345
3346
3347
3349
3350
3352
3353
3354
3356
3358
3359
3360
3364
3365
3366
3367
3368
3369
3370
3371
3375
3377
3380
3381
3382
3383
3385
3386
3387
3389
3390
3393
3394
3395
3398
3400
3401
3403
3404
3405
3406
3407
3408
3409
3416
3417
3418
3420
3424
3425
3429
3431
3440
3447
3450
3451
3452
3453
3454
3456
3457
3458
3459
3460
3463
3464
3468
3477
3478
3479
3480
3481
3483
3485
3487
3494
3495
3497
3500
3503
3504
3505
3506
3508
3510
3511
3512
3515
3518
3520
3521
3522
3524
3525
3526
3527
3528
3530
3531
3532
3534
3536
3537
3538
3539
3541
3543
3544
3545
3548
3551
3555
3556
3558
3560
3568
3569
3570
3571
3573
3574
3575
3581
3585
3589
3590
3591
3593
3594
3595
3596
3597
3602
3604
3605
3606
3607
3608
3609
3610
3611
3612
3613
3615
3616
3618
3619
3620
3621
3622
3624
3625
3626
3628
3629
3630
3631
3632
3633
3634
3635
3636
3637
3638
3639
3640
3642
3643
3645
3646
3649
3650
3655
3659
3660
3662
3666
3668
3669
3670
3671
3673
3674
3675
3676
3679
3681
3682
3683
3685
3687
3688
3689
3690
3691
3692
3693
3695
3696
3697
3699
3700
3701
3702
3703
3706
3707
3708
3710
3711
3712
3714
3716
3717
3720
3721
3722
3723
3725
3726
3727
3728
3729
3730
3731
3732
3737
3739
3740
3741
3744
3746
3747
3748
3749
3754
3756
3757
3758
3760
3761
3762
3764
3766
3767
3768
3769
3771
3772
3775
3778
3779
3780
3781
3785
3786
3788
3789
3791
3792
3796
3800
3802
3803
3804
3805
3806
3810
3811
3812
3813
3817
3818
3819
3820
3821
3823
3825
3827
3828
3829
3830
3831
3832
3833
3835
3836
3838
3842
3843
3844
3845
3846
3847
3848
3849
3850
3851
3853
3858
3859
3863
3864
3865
3866
3867
3868
3869
3870
3876
3877
3878
3881
3882
3884
3885
3886
3888
3891
3892
3893
3895
3896
3897
3900
3902
3903
3904
3905
3906
3908
3915
3918
3919
3922
3923
3924
3926
3928
3929
3932
3938
3939
3941
3943
3944
3946
3947
3948
3949
3950
3955
3959
3960
3961
3962
3963
3964
3965
3967
3973
3977
3979
3980
3981
3982
3984
3988
3991
3992
3993
3994
3995
3999
4001
4002
4003
4004
4006
4011
4012
4013
4014
4015
4016
4017
4021
4022
4025
4026
4027
4028
4029
4031
4034
4035
4037
4038
4039
4040
4041
4042
4043
4044
4045
4052
4055
4056
4059
4061
4062
4065
4066
4068
4078
4081
4082
4083
4084
4085
4086
4087
4092
4093
4094
4095
4097
4099
4101
4102
4103
4106
4107
4109
4110
4111
4112
4113
4114
4115
4116
4117
4118
4119
4120
4121
4123
4124
4126
4127
4130
4131
4132
4133
4134
4135
4136
4137
4138
4139
4140
4141
4142
4143
4145
4146
4147
4149
4152
4156
4160
4161
4163
4165
4167
4168
4169
4170
4171
4173
4174
4175
4176
4177
4178
4183
4184
4186
4187
4188
4189
4190
4191
4193
4196
4197
4198
4199
4200
4201
4202
4203
4208
4209
4210
4211
4212
4227
4228
4229
4230
4231
4233
4249
4250
4251
4252
4258
4260
4261
4262
4263
4265
4280
4282
4283
4284
4286
4287
4292
4296
4297
4298
4299
4300
4301
4303
4305
4306
4307
4308
4309
4310
4312
4313
4314
4315
4316
4317
4318
4320
4322
4324
4326
4327
4330
4331
4332
4333
4335
4337
4338
4343
4344
4347
4349
4352
4353
4354
4355
4356
4357
4358
4359
4360
4363
4365
4367
4372
4376
4377
4378
4379
4382
4383
4390
4392
4394
4395
4396
4397
4398
4401
4402
4403
4407
4408
4410
4412
4413
4414
4415
4417
4418
4419
4420
4424
4425
4428
4431
4432
4439
4441
4442
4443
4444
4445
4449
4454
4456
4462
4463
4465
4466
4468
4469
4471
4473
4474
4475
4476
4477
4478
4480
4481
4483
4484
4485
4486
4488
4490
4493
4494
4496
4497
4498
4499
4504
4508
4510
4512
4513
4515
4516
4517
4518
4522
4523
4524
4525
4527
4529
4531
4532
4533
4535
4538
4539
4542
4544
4546
4547
4548
4549
4550
4553
4554
4555
4556
4557
4559
4561
4563
4565
4566
4568
4569
4570
4571
4572
4573
4574
4575
4576
4578
4579
4581
4582
4584
4589
4591
4592
4593
4596
4597
4598
4601
4602
4605
4606
4609
4610
4615
4616
4617
4621
4622
4623
4624
4625
4626
4627
