1,72032
2,63801
3,74464
4,72653
5,74017
6,64836
7,72756
8,72761
9,65536
10,65775
11,72120
12,72601
13,30529
14,72956
15,72112
16,72110
17,64850
18,65584
19,63901
20,74361
21,64735
22,72076
23,66048
24,71270
25,65265
26,65560
27,74354
28,63841
29,74953
30,65616
31,66502
32,64772
33,71852
34,72450
35,63640
36,74745
37,74006
38,66701
39,67337
40,65270
41,65026
42,65109
43,66441
44,65613
45,72401
46,65708
47,71913
48,74301
49,74955
50,74743
51,65251
52,72764
53,65608
54,72802
55,72927
56,64093
57,63379
58,72476
59,64804
60,72315
61,72396
62,38012
63,72830
64,71953
65,63080
66,63028
67,66762
68,72370
69,72301
70,74066
71,72455
72,74467
73,71360
74,76574
75,65706
76,65203
77,64801
78,72616
79,63775
80,71753
81,74960
82,72015
83,65803
84,71055
85,65711
86,65605
87,65020
88,74344
89,38019
90,72335
91,64701
92,38053
93,63601
94,38063
95,71220
96,63084
97,72712
98,65401
99,72160
100,74804
101,38834
102,38358
103,42041
104,73044
105,64429
106,34787
107,66720
108,73018
109,39759
110,38829
111,39773
112,38821
113,71082
114,74447
115,72501
116,74728
117,38237
118,63755
119,38343
120,72209
121,72104
122,72404
123,72901
124,72205
125,74401
126,73401
127,74868
128,73750
129,75455
130,71822
131,73644
132,74631
133,64601
134,65803
135,74075
136,73080
137,72903
138,72704
139,75904
140,75644
141,42025
142,75462
143,73801
144,63334
145,71251
146,75020
147,74501
148,63020
149,38652
150,72143
151,24211
152,65201
153,73005
154,75418
155,72513
156,38668
157,38344
158,75965
159,38863
160,75654
161,65483
162,74055
163,71457
164,71635
165,72086
166,71701
167,63664
168,63090
169,38017
170,32922
171,38663
172,38242
173,73717
174,65807
175,38701
176,75570
177,76240
178,64014
179,75766
180,39339
181,67042
182,63701
183,63501
184,77521
185,64024
186,38401
187,62901
188,63857
189,62881
190,62656
191,61455
192,62221
193,42445
194,62650
195,75069
196,64628
197,39350
198,74020
199,72949
200,74848
201,76645
202,62056
203,75951
204,73069
205,38375
206,75067
207,65301
208,62959
209,73099
210,62864
211,76028
212,62286
213,73086
214,75551
215,73036
216,72472
217,76033
218,74820
219,72855
220,62906
221,74525
222,64158
223,38478
224,75428
225,72758
226,39090
227,75835
228,62946
229,66071
230,71483
231,63385
232,76036
233,74437
234,77327
235,76667
236,65355
237,74070
238,75773
239,62832
240,62052
241,62450
242,38804
243,75087
244,42437
245,75165
246,71913
247,62034
248,62812
249,75160
250,76051
251,38372
252,37055
253,76230
254,73505
255,37067
256,38843
257,64870
258,38852
259,77351
260,74462
261,71105
262,72543
263,71832
264,73160
265,76567
266,42134
267,77611
268,76063
269,77340
270,35501
271,71654
272,75979
273,78629
274,75119
275,78644
276,77868
277,72834
278,42330
279,63025
280,77365
281,35957
282,42104
283,62966
284,35903
285,37172
286,38635
287,35016
288,71291
289,39051
290,70510
291,37355
292,70526
293,36265
294,70538
295,63049
296,37334
297,70586
298,62471
299,71923
300,64083
301,35954
302,76661
303,35121
304,77802
305,71052
306,77833
307,64037
308,74010
309,64085
310,74346
311,62298
312,36206
313,35806
314,77904
315,38305
316,70663
317,42320
318,62626
319,72150
320,64759
321,63645
322,74426
323,71742
324,66508
325,66434
326,75801
327,71655
328,67010
329,68467
330,38751
331,77437
332,62568
333,77375
334,62233
335,76450
336,65066
337,36801
338,65084
339,36832
340,72921
341,62234
342,72703
343,35594
344,65340
345,74023
346,37354
347,39208
348,75935
349,67357
350,67801
351,67156
352,76048
353,67152
354,74429
355,72740
356,71111
357,29150
358,35801
359,66436
360,65721
361,77656
362,66067
363,77657
364,74834
365,77954
366,70546
367,76522
368,72904
369,37185
370,73096
371,38301
372,38801
373,73034
374,29621
375,35650
376,78572
377,75605
378,78503
379,75604
380,77304
381,70764
382,35653
383,71446
384,78666
385,37167
386,76542
387,35565
388,70517
389,42071
390,77640
391,38851
392,78578
393,76302
394,75751
395,70518
396,37127
397,68352
398,76306
399,75482
400,67124
401,35007
402,62454
403,76234
404,35034
405,75056
406,75402
407,70791
408,78539
409,42066
410,35045
411,42003
412,35160
413,62231
414,35803
415,77474
416,35810
417,76424
418,62249
419,78382
420,78363
421,78861
422,65807
423,77864
424,42754
425,71129
426,78840
427,71118
428,77642
429,65201
430,63863
431,78504
432,62837
433,78336
434,78520
435,30014
436,77662
437,78852
438,78102
439,77511
440,78410
441,78114
442,71854
443,38008
444,70607
445,78416
446,76205
447,78942
448,74012
449,75146
450,78664
451,37379
452,78061
453,76528
454,73521
455,62363
456,77486
457,61938
458,66046
459,36066
460,70346
461,32351
462,66012
463,70401
464,47591
465,40361
466,42001
467,30265
468,78418
469,40065
470,39705
471,71342
472,79924
473,73703
474,39440
475,70345
476,78934
477,70634
478,77551
479,62839
480,78028
481,40342
482,30504
483,29150
484,79720
485,79935
486,75156
487,29803
488,73064
489,28906
490,30114
491,77532
492,40330
493,70601
494,75633
495,78119
496,30680
497,40241
498,77568
499,32746
500,77515
501,34203
502,71730
503,70737
504,70506
505,70560
506,70501
507,79606
508,32653
509,79601
510,71301
511,79762
512,70380
513,70433
514,70570
515,73115
516,70360
517,30046
518,77469
519,88240
520,33566
521,40962
522,62439
523,32177
524,70461
525,78041
526,41858
527,31021
528,67401
529,52761
530,64506
531,31503
532,76448
533,32763
534,35094
535,73127
536,66801
537,75110
538,47601
539,77836
540,37030
541,40324
542,75662
543,42728
544,64086
545,30188
546,74112
547,29575
548,37862
549,32086
550,50158
551,32127
552,33830
553,41035
554,37841
555,29730
556,38583
557,66062
558,29526
559,40229
560,31707
561,76132
562,67037
563,31533
564,30214
565,78552
566,41031
567,62948
568,37664
569,76904
570,68847
571,79065
572,77380
573,36303
574,61554
575,73651
576,31406
577,31410
578,63401
579,76401
580,32174
581,79707
582,88201
583,30240
584,30121
585,61920
586,47882
587,29118
588,30141
589,37321
590,37620
591,73132
592,29560
593,33903
594,79360
595,29108
596,29440
597,29536
598,29379
599,29640
600,29485
601,29501
602,61443
603,29020
604,31419
605,61356
606,68850
607,29611
608,29607
609,29341
610,29520
611,29572
612,29624
613,68701
614,52205
615,50112
616,31525
617,24219
618,63304
619,32780
620,77706
621,42240
622,67846
623,37160
624,42413
625,38501
626,30165
627,37209
628,35661
629,35611
630,37303
631,42718
632,35603
633,33870
634,67601
635,37110
636,37388
637,37087
638,30721
639,35055
640,37040
641,37701
642,37066
643,37821
644,37854
645,35976
646,38261
647,38024
648,37129
649,38464
650,37745
651,38351
652,37813
653,37211
654,38555
655,37643
656,35968
657,31750
658,42501
659,41339
660,40422
661,34471
662,41653
663,42420
664,37312
665,38655
666,37115
667,36703
668,42301
669,40391
670,77375
671,33541
672,32757
673,38614
674,37076
675,39180
676,42701
677,35768
678,33525
679,42141
680,72390
681,35405
682,33823
683,40475
684,38930
685,30117
686,40601
687,36081
688,37760
689,33844
690,33948
691,30125
692,35010
693,29926
694,40004
695,36854
696,35150
697,42276
698,36732
699,37091
700,37398
701,36330
702,38320
703,36360
704,40965
705,73149
706,37771
707,77346
708,76502
709,30281
710,62206
711,50010
712,50644
713,50219
714,50208
715,77505
716,37660
717,30753
718,79119
719,78064
720,31709
721,40143
722,33873
723,35206
724,78247
725,35022
726,50613
727,70394
728,35630
729,30458
730,34293
731,77449
732,32055
733,77082
734,32952
735,67530
736,70535
737,68601
738,77630
739,33950
740,61401
741,78654
742,30655
743,33803
744,63552
745,78801
746,52641
747,30274
748,39367
749,68025
750,72031
751,75149
752,69001
753,61231
754,78332
755,79015
756,67501
757,61354
758,29812
759,62441
760,52655
761,67901
762,60115
763,34748
764,64468
765,53566
766,70427
767,76067
768,76180
769,77566
770,63026
771,36203
772,88001
773,50401
774,76801
775,34266
776,79029
777,34974
778,32407
779,65065
780,34746
781,33990
782,65233
783,39601
784,88101
785,79103
786,74601
787,40484
788,87402
789,87111
790,46168
791,75103
792,61071
793,87507
794,31558
795,31093
796,74063
797,62821
798,87123
799,65791
800,52772
801,81008
802,31730
803,60450
804,87108
805,64424
806,70815
807,78945
808,53533
809,87110
810,77373
811,88346
812,65622
813,46041
814,36695
815,61350
816,38671
817,33898
818,32720
819,79423
820,36274
821,30474
822,30110
823,31313
824,30291
825,39828
826,69361
827,78130
828,32773
829,36619
830,81101
831,88220
832,47546
833,39157
834,77581
835,87571
836,65548
837,39120
838,71449
839,75062
840,28110
841,37083
842,30041
843,29072
844,53821
845,50501
846,68434
847,46176
848,39465
849,64730
850,31757
851,61081
852,50021
853,73052
854,65453
855,32817
856,79735
857,75052
858,79772
859,31601
860,79201
861,36535
862,78155
863,39204
864,87301
865,46135
866,80504
867,74133
868,31029
869,32819
870,53147
871,70043
872,70128
873,52101
874,70072
875,39402
876,65625
877,76825
878,32547
879,47112
880,75670
881,31088
882,46060
883,81201
884,33584
885,77477
886,79072
887,80751
888,36116
889,32966
890,34952
891,30223
892,70726
893,36526
894,62401
895,61068
896,36117
897,76114
898,30066
899,76710
900,33596
901,79416
902,34761
903,32536
904,75092
905,28602
906,75237
907,31788
908,32707
909,38133
910,77445
911,61254
912,53818
913,34432
914,32703
915,33513
916,39083
917,81082
918,70068
919,76086
920,79907
921,54660
922,81321
923,32937
924,39466
925,39503
926,80537
927,34606
928,33880
929,76135
930,54665
931,34947
932,32034
933,71295
934,54656
935,32904
936,74701
937,39301
938,80631
939,55060
940,52556
941,80443
942,67005
943,33912
944,32571
945,70003
946,36606
947,33549
948,67460
949,34655
950,74137
951,46131
952,66205
953,78521
954,47460
955,78242
956,60545
957,47441
958,81005
959,34210
960,31015
961,80538
962,53581
963,65738
964,31326
965,28379
966,53916
967,47842
968,64055
969,79912
970,29102
971,50677
972,56007
973,63383
974,31023
975,81212
976,75704
977,24333
978,39648
979,30401
980,47421
981,28027
982,61611
983,34446
984,32444
985,29720
986,28152
987,47274
988,28043
989,29483
990,56093
991,27030
992,77095
993,78599
994,73075
995,78602
996,75707
997,70301
998,80026
999,29301
1000,78834
1001,30260
1002,40769
1003,79336
1004,35555
1005,66002
1006,36078
1007,40031
1008,75040
1009,81401
1010,73065
1011,39074
1012,28655
1013,77546
1014,28645
1015,36340
1016,31539
1017,39581
1018,71801
1019,77964
1020,62095
1021,39345
1022,32958
1023,31793
1024,30540
1025,76550
1026,37042
1027,38901
1028,32311
1029,31211
1030,37604
1031,32608
1032,76821
1033,32223
1034,32168
1035,32205
1036,34769
1037,34997
1038,34668
1039,32210
1040,32822
1041,39531
1042,37347
1043,36420
1044,28315
1045,81601
1046,61866
1047,27028
1048,64138
1049,77979
1050,70714
1051,67211
1052,72117
1053,77068
1054,71373
1055,36092
1056,71463
1057,34453
1058,35570
1059,71263
1060,30643
1061,71241
1062,71269
1063,30286
1064,38462
1065,40741
1066,73533
1067,75023
1068,75180
1069,72560
1070,34112
1071,64119
1072,30538
1073,31061
1074,35640
1075,61761
1076,78006
1077,29678
1078,78717
1079,28170
1080,71350
1081,27203
1082,28681
1083,29360
1084,32433
1085,28001
1086,70767
1087,29550
1088,77015
1089,53719
1090,40351
1091,46140
1092,47170
1093,31082
1094,40353
1095,72634
1096,29745
1097,29461
1098,76308
1099,85546
1100,51250
1101,31206
1102,77845
1103,66109
1104,78624
1105,28358
1106,47265
1107,37825
1108,47001
1109,63303
1110,47501
1111,35214
1112,70114
1113,29212
1114,40160
1115,28337
1116,39429
1117,53144
1118,71075
1119,40272
1120,36784
1121,32216
1122,32224
1123,86001
1124,34243
1125,28704
1126,30060
1127,63011
1128,32164
1129,76021
1130,47240
1131,29169
1132,66749
1133,30087
1134,78753
1135,77575
1136,63044
1137,28117
1138,40906
1139,53589
1140,40403
1141,39111
1142,27278
1143,71201
1144,37830
1145,78232
1146,27804
1147,80909
1148,70760
1149,81620
1150,35071
1151,54494
1152,33598
1153,32063
1154,70605
1155,32404
1156,70808
1157,28092
1158,60033
1159,40356
1160,39576
1161,34613
1162,36571
1163,67701
1164,75006
1165,30701
1166,28734
1167,85122
1168,67209
1169,32218
1170,32811
1171,32312
1172,32504
1173,32534
1174,37015
1175,60073
1176,35244
1177,30907
1178,76513
1179,85901
1180,78229
1181,42633
1182,41240
1183,32065
1184,27534
1185,28303
1186,43078
1187,28339
1188,85635
1189,80229
1190,52807
1191,28792
1192,24112
1193,33809
1194,29687
1195,41701
1196,38125
1197,80130
1198,78704
1199,28352
1200,76705
1201,76903
1202,60435
1203,40701
1204,79553
1205,28311
1206,43311
1207,47715
1208,70816
1209,63136
1210,39452
1211,28472
1212,53590
1213,29841
1214,39307
1215,80817
1216,79549
1217,53190
1218,54615
1219,81501
1220,46052
1221,66901
1222,77037
1223,32091
1224,36867
1225,29307
1226,27215
1227,27573
1228,29209
1229,53081
1230,52501
1231,85710
1232,45177
1233,24073
1234,28697
1235,32626
1236,46953
1237,30906
1238,28546
1239,73446
1240,78586
1241,28562
1242,24273
1243,46582
1244,24014
1245,88310
1246,60914
1247,78628
1248,80123
1249,86326
1250,24153
1251,31909
1252,28390
1253,47802
1254,53546
1255,30519
1256,78214
1257,54235
1258,28805
1259,37920
1260,82009
1261,37912
1262,27577
1263,37938
1264,27292
1265,61604
1266,85621
1267,47250
1268,68803
1269,85705
1270,46947
1271,86047
1272,45805
1273,68776
1274,45365
1275,85532
1276,24450
1277,45891
1278,24354
1279,29223
1280,31903
1281,28621
1282,30038
1283,24401
1284,70065
1285,24592
1286,25801
1287,24502
1288,28412
1289,70123
1290,47712
1291,27889
1292,28557
1293,33351
1294,78209
1295,39564
1296,46151
1297,29488
1298,28466
1299,25840
1300,88061
1301,32541
1302,29406
1303,51106
1304,30650
1305,31093
1306,54452
1307,86442
1308,86404
1309,45693
1310,47201
1311,85541
1312,32714
1313,27603
1314,30047
1315,54016
1316,37075
1317,32448
1318,46526
1319,27834
1320,60050
1321,85120
1322,81050
1323,29906
1324,29649
1325,87701
1326,61764
1327,33067
1328,46755
1329,50036
1330,32119
1331,33781
1332,62801
1333,52577
1334,28056
1335,28403
1336,53913
1337,53228
1338,33463
1339,30606
1340,30531
1341,24523
1342,60564
1343,22601
1344,45036
1345,32304
1346,87114
1347,45373
1348,77043
1349,82070
1350,85614
1351,77414
1352,60014
1353,60047
1354,87002
1355,43545
1356,46825
1357,51360
1358,62269
1359,86301
1360,60107
1361,23834
1362,48879
1363,48801
1364,46725
1365,41101
1366,54904
1367,52632
1368,43420
1369,49601
1370,45822
1371,43113
1372,50801
1373,48858
1374,80905
1375,84720
1376,33415
1377,84074
1378,86040
1379,32225
1380,45040
1381,84780
1382,73942
1383,61571
1384,45245
1385,43452
1386,44805
1387,54880
1388,54220
1389,54868
1390,25271
1391,28226
1392,54303
1393,62305
1394,76120
1395,82501
1396,30742
1397,46227
1398,62618
1399,68901
1400,82901
1401,45385
1402,36037
1403,38556
1404,82930
1405,28273
1406,38606
1407,24540
1408,37421
1409,56001
1410,56201
1411,55033
1412,52353
1413,37757
1414,85365
1415,54961
1416,47129
1417,45680
1418,26651
1419,57078
1420,33634
1421,46383
1422,47394
1423,82718
1424,35209
1425,46360
1426,80012
1427,50125
1428,36460
1429,61108
1430,78411
1431,23901
1432,27410
1433,30134
1434,50702
1435,24901
1436,45424
1437,60061
1438,57201
1439,41501
1440,45459
1441,33618
1442,27870
1443,45458
1444,52057
1445,82801
1446,67226
1447,52060
1448,85225
1449,34684
1450,63010
1451,33025
1452,41042
1453,53022
1454,79007
1455,45640
1456,45239
1457,57401
1458,33064
1459,26241
1460,23060
1461,46268
1462,50588
1463,27909
1464,23111
1465,17402
1466,60110
1467,23831
1468,52402
1469,38732
1470,85345
1471,58504
1472,33708
1473,57106
1474,44906
1475,57006
1476,57783
1477,33411
1478,49735
1479,85308
1480,26301
1481,58201
1482,50126
1483,17325
1484,60970
1485,85035
1486,49090
1487,47905
1488,81230
1489,60108
1490,95212
1491,28144
1492,92243
1493,60487
1494,53132
1495,27288
1496,46037
1497,38128
1498,89119
1499,89110
1500,55448
1501,45662
1502,46526
1503,93536
1504,58801
1505,46706
1506,41056
1507,16148
1508,53149
1509,58601
1510,84078
1511,95965
1512,46375
1513,55313
1514,30076
1515,27565
1516,58103
1517,93637
1518,89103
1519,46229
1520,93307
1521,69101
1522,84501
1523,95350
1524,92392
1525,30106
1526,33484
1527,33015
1528,17111
1529,48413
1530,43040
1531,60440
1532,74133
1533,85032
1534,66210
1535,93555
1536,46033
1537,49036
1538,62704
1539,29706
1540,43056
1541,32506
1542,57701
1543,37343
1544,17044
1545,96080
1546,55744
1547,48059
1548,85746
1549,14626
1550,27263
1551,94565
1552,27704
1553,96130
1554,82609
1555,36426
1556,14623
1557,44883
1558,46410
1559,52544
1560,18702
1561,47834
1562,93306
1563,44870
1564,73134
1565,56529
1566,51031
1567,96097
1568,23666
1569,56345
1570,58701
1571,56308
1572,56377
1573,53189
1574,16803
1575,27892
1576,46975
1577,48813
1578,36027
1579,54937
1580,17837
1581,46733
1582,85206
1583,93230
1584,68134
1585,58401
1586,89705
1587,53080
1588,94503
1589,47933
1590,24084
1591,55021
1592,26452
1593,16335
1594,56425
1595,93551
1596,30824
1597,80601
1598,28504
1599,28625
1600,27893
1601,46992
1602,28786
1603,28205
1604,47304
1605,68133
1606,54701
1607,21740
1608,60031
1609,54806
1610,40033
1611,47586
1612,13413
1613,53018
1614,19610
1615,54650
1616,33196
1617,60056
1618,14424
1619,23321
1620,15537
1621,84123
1622,51601
1623,57501
1624,23434
1625,23452
1626,62526
1627,80015
1628,66204
1629,92373
1630,92324
1631,28752
1632,58301
1633,95758
1634,92064
1635,56537
1636,3106
1637,84041
1638,25401
1639,32935
1640,84405
1641,13165
1642,95687
1643,46703
1644,43920
1645,39056
1646,35210
1647,61520
1648,26554
1649,20678
1650,33770
1651,45840
1652,20601
1653,49307
1654,30078
1655,21601
1656,56258
1657,50320
1658,44654
1659,22801
1660,47331
1661,52246
1662,54923
1663,22560
1664,14456
1665,46013
1666,51442
1667,61822
1668,48867
1669,60090
1670,19901
1671,60181
1672,15301
1673,55350
1674,61032
1675,19963
1676,14580
1677,85284
1678,92571
1679,40831
1680,3878
1681,47374
1682,8012
1683,29414
1684,43302
1685,27612
1686,3038
1687,48843
1688,48706
1689,55811
1690,94928
1691,47362
1692,23061
1693,3874
1694,95630
1695,24605
1696,50324
1697,15501
1698,62040
1699,30062
1700,92335
1701,28470
1702,16066
1703,84058
1704,49091
1705,15801
1706,27332
1707,23602
1708,97603
1709,97355
1710,19606
1711,53094
1712,60455
1713,82414
1714,22901
1715,26105
1716,13045
1717,47670
1718,3051
1719,55123
1720,97305
1721,4074
1722,51401
1723,95242
1724,48162
1725,49412
1726,28768
1727,97071
1728,15857
1729,17815
1730,3031
1731,4861
1732,53901
1733,75041
1734,48723
1735,66604
1736,46804
1737,92253
1738,78217
1739,12078
1740,76017
1741,8091
1742,80487
1743,49250
1744,12524
1745,44691
1746,23502
1747,60123
1748,93722
1749,97838
1750,27545
1751,14513
1752,54751
1753,16201
1754,28227
1755,17331
1756,48197
1757,93292
1758,84098
1759,20109
1760,13021
1761,22401
1762,92264
1763,29574
1764,54467
1765,13090
1766,97526
1767,13850
1768,49221
1769,77338
1770,89108
1771,95337
1772,27407
1773,23320
1774,44053
1775,97128
1776,33330
1777,85607
1778,8755
1779,34470
1780,60137
1781,33068
1782,92545
1783,17202
1784,27105
1785,22192
1786,55344
1787,4401
1788,44060
1789,21921
1790,55082
1791,56265
1792,92231
1793,56283
1794,55445
1795,92376
1796,44095
1797,4210
1798,4938
1799,21157
1800,8053
1801,99163
1802,13601
1803,2921
1804,59601
1805,21144
1806,34224
1807,97031
1808,93257
1809,92311
1810,95843
1811,83440
1812,97420
1813,18519
1814,17050
1815,93662
1816,15061
1817,84341
1818,97850
1819,17754
1820,16001
1821,21801
1822,6042
1823,20716
1824,44256
1825,44333
1826,60007
1827,60525
1828,80920
1829,60174
1830,83318
1831,92507
1832,95993
1833,83406
1834,20176
1835,59701
1836,2719
1837,14304
1838,83221
1839,3451
1840,54311
1841,95531
1842,44312
1843,92879
1844,43402
1845,92284
1846,92071
1847,2019
1848,97306
1849,92346
1850,4457
1851,33073
1852,8050
1853,91739
1854,13126
1855,97365
1856,48532
1857,4769
1858,44056
1859,49321
1860,55720
1861,3865
1862,54501
1863,49783
1864,15904
1865,23970
1866,60164
1867,4605
1868,60638
1869,43812
1870,49424
1871,12144
1872,68521
1873,91740
1874,4011
1875,16933
1876,98841
1877,13662
1878,26062
1879,27910
1880,14063
1881,61114
1882,97914
1883,55432
1884,4073
1885,59102
1886,27549
1887,34110
1888,78582
1889,10940
1890,33607
1891,41001
1892,46901
1893,95380
1894,2891
1895,14454
1896,51501
1897,23113
1898,21001
1899,1119
1900,55901
1901,1749
1902,3743
1903,8724
1904,4730
1905,14750
1906,95422
1907,46563
1908,6260
1909,54913
1910,20619
1911,95307
1912,1247
1913,44857
1914,20724
1915,94551
1916,95678
1917,14845
1918,48446
1919,93436
1920,43015
1921,91786
1922,12901
1923,14420
1924,47403
1925,83202
1926,60076
1927,12110
1928,33009
1929,95020
1930,8902
1931,55304
1932,27949
1933,93727
1934,28083
1935,52003
1936,99403
1937,98837
1938,16127
1939,49120
1940,1537
1941,21009
1942,4901
1943,22033
1944,48629
1945,15401
1946,99114
1947,47978
1948,2767
1949,6256
1950,18657
1951,17046
1952,95304
1953,21502
1954,92503
1955,94587
1956,95370
1957,58554
1958,93036
1959,25309
1960,98520
1961,45331
1962,20166
1963,95348
1964,8016
1965,14569
1966,95928
1967,21236
1968,8070
1969,4330
1970,94533
1971,4965
1972,16601
1973,89015
1974,86409
1975,95482
1976,95988
1977,12866
1978,3301
1979,95642
1980,15601
1981,27609
1982,3461
1983,44515
1984,49022
1985,49080
1986,18337
1987,37923
1988,19055
1989,77063
1990,99503
1991,97501
1992,99515
1993,44130
1994,99654
1995,45750
1996,92532
1997,97702
1998,33765
1999,49014
2000,49855
2001,90703
2002,26508
2003,75093
2004,59715
2005,55127
2006,14020
2007,7416
2008,24202
2009,33126
2010,13669
2011,13502
2012,92083
2013,2571
2014,12534
2015,18974
2016,99337
2017,93446
2018,49721
2019,49431
2020,43219
2021,75244
2022,2081
2023,12550
2024,89502
2025,8332
2026,90723
2027,8330
2028,14094
2029,35242
2030,85251
2031,85015
2032,44663
2033,32428
2034,12804
2035,95035
2036,98584
2037,1462
2038,93635
2039,13815
2040,75501
2041,45431
2042,2322
2043,80214
2044,96789
2045,2338
2046,16830
2047,54401
2048,3801
2049,66611
2050,70809
2051,78735
2052,12043
2053,3784
2054,22701
2055,28262
2056,27707
2057,1905
2058,3079
2059,3860
2060,4976
2061,19148
2062,12010
2063,18052
2064,6790
2065,59804
2066,92154
2067,43050
2068,33323
2069,12205
2070,4005
2071,30096
2072,1440
2073,11953
2074,1532
2075,2747
2076,14760
2077,94588
2078,23805
2079,6484
2080,14141
2081,19341
2082,13057
2083,18235
2084,1085
2085,8540
2086,6360
2087,65737
2088,92123
2089,33458
2090,4619
2091,92203
2092,4270
2093,1923
2094,98801
2095,99577
2096,17870
2097,89509
2098,2771
2099,49931
2100,43506
2101,44410
2102,7731
2103,95776
2104,55420
2105,22315
2106,98362
2107,79925
2108,43950
2109,6340
2110,72712
2111,43952
2112,17408
2113,4062
2114,92677
2115,84047
2116,60130
2117,18840
2118,43701
2119,14226
2120,44514
2121,29206
2122,63125
2123,60561
2124,80031
2125,65804
2126,5495
2127,2896
2128,61265
2129,1201
2130,90503
2131,16801
2132,2351
2133,19438
2134,6405
2135,21704
2136,13440
2137,78245
2138,33971
2139,49444
2140,97756
2141,92801
2142,98944
2143,25705
2144,3110
2145,92057
2146,27518
2147,45227
2148,98532
2149,92610
2150,21228
2151,18045
2152,92021
2153,91745
2154,77040
2155,27536
2156,59901
2157,2852
2158,22306
2159,18202
2160,13820
2161,8037
2162,1583
2163,44136
2164,29680
2165,98901
2166,12303
2167,81303
2168,54166
2169,21613
2170,55025
2171,45056
2172,19464
2173,48509
2174,46350
2175,93612
2176,16509
2177,21060
2178,94040
2179,6088
2180,15122
2181,6770
2182,2816
2183,16101
2184,13350
2185,11720
2186,91766
2187,5201
2188,21117
2189,80439
2190,8822
2191,91910
2192,91722
2193,6416
2194,15275
2195,91381
2196,23227
2197,84095
2198,35476
2199,44241
2200,46750
2201,45069
2202,96766
2203,24012
2204,37924
2205,96797
2206,97338
2207,44070
2208,98311
2209,97424
2210,15701
2211,98277
2212,38018
2213,96740
2214,44224
2215,98366
2216,1364
2217,3867
2218,14843
2219,29615
2220,5478
2221,17602
2222,92307
2223,53714
2224,24151
2225,49684
2226,17522
2227,2360
2228,2169
2229,47906
2230,29412
2231,43567
2232,12414
2233,14221
2234,48309
2235,55008
2236,49707
2237,44004
2238,20876
2239,44720
2240,18344
2241,55063
2242,44121
2243,18301
2244,2760
2245,30338
2246,98001
2247,6385
2248,2888
2249,12180
2250,6492
2251,34654
2252,47371
2253,3276
2254,34239
2255,73160
2256,73119
2257,74137
2258,1082
2259,33511
2260,76063
2261,91010
2262,45601
2263,3801
2264,89801
2265,98374
2266,21043
2267,78216
2268,33436
2269,14075
2270,33483
2271,27513
2272,3103
2273,49770
2274,19971
2275,95667
2276,54024
2277,97051
2278,12883
2279,62234
2280,15012
2281,43228
2282,75243
2283,72143
2284,67114
2285,45504
2286,68512
2287,21222
2288,21784
2289,49801
2290,20186
2291,22554
2292,77523
2293,45013
2294,28779
2295,57108
2296,75040
2297,13421
2298,64119
2299,19440
2300,18951
2301,55016
2302,45238
2303,53212
2304,87110
2305,98226
2306,59404
2307,95670
2308,89406
2309,93906
2310,19973
2311,34233
2312,75034
2313,30815
2314,94928
2315,95832
2316,43016
2317,27103
2318,98632
2319,96720
2320,30013
2321,26726
2322,92115
2323,85201
2324,99324
2325,18431
2326,97471
2327,89178
2328,17866
2329,33440
2330,95129
2331,92882
2332,83852
2333,66205
2334,35601
2335,61834
2336,49546
2337,92054
2338,92683
2339,8865
2340,28607
2341,32835
2342,7840
2343,15650
2344,97801
2345,77459
2346,12401
2347,44266
2348,93455
2349,54548
2350,84003
2351,83709
2352,85023
2353,21851
2354,30533
2355,98057
2356,8691
2357,92704
2358,53014
2359,17361
2360,22405
2361,49829
2362,92821
2363,85018
2364,91326
2365,92673
2366,17751
2367,10547
2368,53511
2369,23456
2370,5701
2371,32563
2372,36301
2373,17970
2374,93274
2375,97408
2376,96003
2377,16214
2378,99037
2379,45875
2380,54143
2381,44601
2382,46368
2383,92865
2384,41503
2385,18640
2386,12701
2387,99218
2388,21771
2389,98664
2390,97266
2391,95492
2392,85392
2393,93420
2394,19720
2395,21811
2396,48312
2397,67735
2398,48314
2399,16506
2400,47454
2401,22835
2402,24572
2403,25414
2404,91402
2405,49418
2406,93312
2407,7852
2408,45690
2409,17013
2410,72034
2411,98003
2412,69337
2413,21030
2414,28328
2415,13031
2416,8809
2417,30084
2418,11553
2419,6614
2420,15137
2421,14225
2422,72023
2423,97006
2424,89032
2425,89123
2426,33029
2427,98087
2428,98271
2429,25313
2430,16319
2431,98273
2432,63005
2433,7860
2434,78249
2435,95834
2436,59301
2437,45631
2438,59860
2439,15044
2440,90712
2441,79936
2442,25601
2443,19560
2444,63366
2445,44820
2446,31602
2447,89445
2448,48642
2449,49058
2450,48390
2451,32060
2452,75006
2453,40503
2454,33612
2455,93065
2456,15666
2457,1588
2458,31545
2459,48150
2460,85020
2461,8854
2462,3581
2463,92646
2464,41102
2465,10950
2466,3249
2467,55129
2468,18106
2469,55124
2470,23824
2471,48638
2472,22664
2473,24134
2474,94577
2475,75063
2476,87020
2477,1970
2478,19154
2479,87532
2480,8835
2481,88130
2482,42167
2483,4105
2484,1864
2485,24426
2486,53095
2487,85226
2488,15931
2489,70460
2490,15767
2491,53177
2492,75228
2493,43207
2494,85286
2495,77386
2496,81052
2497,16125
2498,46545
2499,46514
2500,46628
2501,5602
2502,1035
2503,3561
2504,72712
2505,29651
2506,26155
2507,72712
2508,75703
2509,93703
2510,48051
2511,35758
2512,47150
2513,34711
2514,63122
2515,26836
2516,48430
2517,30501
2518,29505
2519,48386
2520,94531
2521,65714
2522,27317
2523,23851
2524,92592
2525,99615
2526,70058
2527,99901
2528,29577
2529,35235
2530,39402
2531,39540
2532,51301
2533,77096
2534,52404
2535,6010
2536,39110
2537,99701
2538,35148
2539,43035
2540,77506
2541,43068
2542,80524
2543,62521
2544,33034
2545,27886
2546,30504
2547,31069
2548,73071
2549,33647
2550,95823
2551,72712
2552,30180
2553,36507
2554,72762
2555,72120
2556,72903
2557,2886
2558,36542
2559,72703
2560,80110
2561,28777
2562,80022
2563,30830
2564,37129
2565,39232
2566,21701
2567,36545
2568,3264
2569,24141
2570,78537
2571,24637
2572,78566
2573,50009
2574,85260
2575,85215
2576,78218
2577,85204
2578,30525
2579,47960
2580,28461
2581,30241
2582,43016
2583,85128
2584,83647
2585,83686
2586,85374
2587,83607
2588,40511
2589,68310
2590,14564
2591,46123
2592,19947
2593,46240
2594,46112
2595,25570
2596,27284
2597,33436
2598,84627
2599,34677
2600,20735
2601,23005
2602,1566
2603,31707
2604,73118
2605,29316
2606,23112
2607,22801
2608,23847
2609,25276
2610,26201
2611,55904
2612,54449
2613,30605
2614,60008
2615,60714
2616,60438
2617,46324
2618,73003
2619,46714
2620,56187
2621,70785
2622,23225
2623,8857
2624,26101
2625,52241
2626,92236
2627,53215
2628,19022
2629,83338
2630,33016
2631,26354
2632,29927
2633,78250
2634,65807
2635,27526
2636,89014
2637,8048
2638,92881
2639,34491
2640,31520
2641,27344
2642,12065
2643,68123
2644,25260
2645,38654
2646,26041
2647,21074
2648,6351
2649,20646
2650,66217
2651,30458
2652,64154
2653,64075
2654,31322
2655,14624
2656,83642
2657,83714
2658,78254
2659,48864
2660,48912
2661,48917
2662,99205
2663,48111
2664,29577
2665,73034
2666,12302
2667,8077
2668,48084
2669,73162
2670,74133
2671,73139
2672,34744
2673,55311
2674,73132
2675,75024
2676,89149
2677,90660
2678,2840
2679,29575
2680,31210
2681,17078
2682,52732
2683,79763
2684,80134
2685,67301
2686,21550
2687,6001
2688,6067
2689,1060
2690,1824
2691,2301
2692,1701
2693,10901
2694,33055
2695,11901
2696,16407
2697,27209
2698,44460
2699,6475
2700,6489
2701,13036
2702,48180
2703,44646
2704,11733
2705,70039
2706,11554
2707,75013
2708,32003
2709,11749
2710,84404
2711,71203
2712,85741
2713,87120
2714,94558
2715,75023
2716,97060
2717,59105
2718,29445
2719,28348
2720,33321
2721,37934
2722,21826
2723,55746
2724,50138
2725,53225
2726,61944
2727,24739
2728,71291
2729,39218
2730,32724
2731,30004
2732,70508
2733,19365
2734,90670
2735,98665
2736,93535
2737,33312
2738,93552
2739,2777
2740,6851
2741,92562
2742,64145
2743,48066
2744,56501
2745,33069
2746,60431
2747,6111
2748,54915
2749,44281
2750,1453
2751,41017
2752,41008
2753,33076
2754,75081
2755,75094
2756,75043
2757,76133
2758,75150
2759,76137
2760,76017
2761,76244
2762,76248
2763,73505
2764,30728
2765,33328
2766,54956
2767,93650
2768,94539
2769,57301
2770,78613
2771,14870
2772,77478
2773,75025
2774,75287
2775,72701
2776,92354
2777,60804
2778,33436
2779,30314
2780,75232
2781,75227
2782,80906
2783,37174
2784,80229
2785,95210
2786,95129
2787,95135
2788,92260
2789,20011
2790,70433
2791,76105
2792,76244
2793,64503
2794,33781
2795,95355
2796,95380
2797,85710
2798,98662
2799,98208
2800,97008
2801,78070
2802,78023
2803,78228
2804,74015
2805,65802
2806,39046
2807,39194
2808,63119
2809,30360
2810,30062
2811,30093
2812,34234
2813,30078
2814,30084
2815,32405
2816,20169
2817,30044
2818,8816
2819,80916
2820,95829
2821,80915
2822,56301
2823,93033
2824,90623
2825,83642
2826,83704
2827,98007
2828,92801
2829,67052
2830,78211
2831,95677
2832,33442
2833,55371
2834,78257
2835,60620
2836,78244
2837,65802
2838,92027
2839,1906
2840,95054
2841,32413
2842,30033
2843,80015
2844,92376
2845,80239
2846,80231
2847,91744
2848,79928
2849,37062
2850,93312
2851,93307
2852,93312
2853,93308
2854,85710
2855,76110
2856,85741
2857,97330
2858,96813
2859,91767
2860,93063
2861,68104
2862,97267
2863,51501
2864,98661
2865,68134
2866,68135
2867,68123
2868,67037
2869,23666
2870,33707
2871,33023
2872,23601
2873,72712
2874,7608
2875,60653
2876,78653
2877,78621
2878,32806
2879,70126
2880,72034
2881,68117
2882,80918
2883,68128
2884,80909
2885,90280
2886,97080
2887,91320
2888,27517
2889,80525
2890,35810
2891,30083
2892,29671
2893,35216
2894,33613
2895,75007
2896,29611
2897,33033
2898,2188
2899,75074
2900,30253
2901,30122
2902,73135
2903,45804
2904,75104
2905,84663
2906,55330
2907,32771
2908,62702
2909,8234
2910,77384
2911,23456
2912,23435
2913,26501
2914,99344
2915,23188
2916,84790
2917,98387
2918,75043
2919,75088
2920,29630
2921,15626
2922,77494
2923,80132
2924,72022
2925,72936
2926,14891
2927,76384
2928,56601
2929,84084
2930,37857
2931,33162
2932,57110
2933,7728
2934,15010
2935,65809
2936,97477
2937,85308
2938,54843
2939,24012
2940,90631
2941,44202
2942,53115
2943,19061
2944,16412
2945,43160
2946,89523
2947,97402
2948,61874
2949,99352
2950,43725
2951,23693
2952,59808
2953,8520
2954,4257
2955,68130
2956,98823
2957,54409
2958,24382
2959,35040
2960,76182
2961,73013
2962,92407
2963,66223
2964,68526
2965,78220
2966,14621
2967,16421
2968,89521
2969,43138
2970,67205
2971,75104
2972,75077
2973,76017
2974,75065
2975,96732
2976,70818
2977,7836
2978,7083
2979,77065
2980,28694
2981,44024
2982,40291
2983,74011
2984,77565
2985,23320
2986,45895
2987,77099
2988,2904
2989,27320
2990,27027
2991,24614
2992,32327
2993,32068
2994,32207
2995,80112
2996,77077
2997,33056
2998,87114
2999,85308
3000,76548
3001,32738
3002,85303
3003,78573
3004,48838
3005,53072
3006,53083
3007,73170
3008,13676
3009,71603
3010,13069
3011,23322
3012,8242
3013,12953
3014,8360
3015,48183
3016,29302
3017,74114
3018,75204
3019,33403
3020,45102
3021,33884
3022,33983
3023,95219
3024,22603
3025,89074
3026,89122
3027,89123
3028,85712
3029,89104
3030,29715
3031,55118
3032,85286
3033,42262
3034,42303
3035,84014
3036,34221
3037,29418
3038,89131
3039,85746
3040,33760
3041,28208
3042,99301
3043,85755
3044,79556
3045,81007
3046,87121
3047,35146
3048,79045
3049,79110
3050,34287
3051,30044
3052,30039
3053,76021
3054,78154
3055,50022
3056,77382
3057,33169
3058,60543
3059,30281
3060,30157
3061,55113
3062,30349
3063,68801
3064,75248
3065,85326
3066,1524
3067,28314
3068,89706
3069,17023
3070,34685
3071,33543
3072,34114
3073,76116
3074,34689
3075,8096
3076,11590
3077,87507
3078,35244
3079,77075
3080,87401
3081,88210
3082,73141
3083,75115
3084,75154
3085,60098
3086,76087
3087,28311
3088,46614
3089,32566
3090,29576
3091,7457
3092,43528
3093,76542
3094,16365
3095,77084
3096,76549
3097,49548
3098,94806
3099,84302
3100,28348
3101,46143
3102,61615
3103,49461
3104,30269
3105,61705
3106,74146
3107,30024
3108,33511
3109,85305
3110,7036
3111,91710
3112,34208
3113,30152
3114,83854
3115,89102
3116,48187
3117,19403
3118,96814
3119,90808
3120,72756
3121,24266
3122,32506
3123,75075
3124,70363
3125,30512
3126,45701
3127,48315
3128,21076
3129,53105
3130,67207
3131,94553
3132,21237
3133,1844
3134,21220
3135,37043
3136,92069
3137,55014
3138,53073
3139,77015
3140,19520
3141,53549
3142,27360
3143,28601
3144,53965
3145,74012
3146,77072
3147,77581
3148,45011
3149,83835
3150,87111
3151,77429
3152,45133
3153,16701
3154,55379
3155,78043
3156,87124
3157,7094
3158,91350
3159,92020
3160,91706
3161,34986
3162,75092
3163,98375
3164,34601
3165,39577
3166,46236
3167,91915
3168,75087
3169,98516
3170,55066
3171,3042
3172,80207
3173,32940
3174,98499
3175,6810
3176,77071
3177,6854
3178,6776
3179,3431
3180,6437
3181,6514
3182,6705
3183,2721
3184,19348
3185,2536
3186,19090
3187,18020
3188,19401
3189,7663
3190,80231
3191,78557
3192,84120
3193,30809
3194,78753
3195,45044
3196,75002
3197,43055
3198,20110
3199,77584
3200,12077
3201,43701
3202,77081
3203,80915
3204,77386
3205,77339
3206,84115
3207,51108
3208,38637
3209,95677
3210,77356
3211,87031
3212,61008
3213,76013
3214,7927
3215,22026
3216,28304
3217,28304
3218,38135
3219,60445
3220,85395
3221,62703
3222,24551
3223,14411
3224,32713
3225,24502
3226,30294
3227,40216
3228,44057
3229,27217
3230,73107
3231,70422
3232,24013
3233,32828
3234,30064
3235,37415
3236,84065
3237,30341
3238,27127
3239,33313
3240,55362
3241,24019
3242,78046
3243,52302
3244,32129
3245,30566
3246,29681
3247,76036
3248,48471
3249,17268
3250,73099
3251,18252
3252,30742
3253,20166
3254,45505
3255,29501
3256,29445
3257,54451
3258,23322
3259,79701
3260,77055
3261,93003
3262,76028
3263,72756
3264,58503
3265,89129
3266,45240
3267,27405
3268,37419
3269,79936
3270,28079
3271,37405
3272,32218
3273,28365
3274,98597
3275,70065
3276,94585
3277,95621
3278,30316
3279,30032
3280,37211
3281,21227
3282,44240
3283,29115
3284,29456
3285,60714
3286,74352
3287,48439
3288,95605
3289,71301
3290,87004
3291,87124
3292,89032
3293,89436
3294,86314
3295,29708
3296,71360
3297,57069
3298,15065
3299,83687
3300,30331
3301,80015
3302,47302
3303,71106
3304,98674
3305,30101
3306,71201
3307,45241
3308,71291
3309,85143
3310,31088
3311,98223
3312,98816
3313,56073
3314,71111
3315,56701
3316,79938
3317,56716
3318,75771
3319,50266
3320,24517
3321,45356
3322,85041
3323,76108
3324,24263
3325,24171
3326,75033
3327,30318
3328,8094
3329,46254
3330,21047
3331,82604
3332,32822
3333,45005
3334,45414
3335,32507
3336,89146
3337,84401
3338,49093
3339,7047
3340,91762
3341,85210
3342,43130
3343,98003
3344,98270
3345,21133
3346,19709
3347,6516
3348,80863
3349,60441
3350,30519
3351,85602
3352,18041
3353,43351
3354,56031
3355,68507
3356,32828
3357,80003
3358,37604
3359,28532
3360,8087
3361,77406
3362,79415
3363,85209
3364,43220
3365,23707
3366,37363
3367,15084
3368,61073
3369,45840
3370,14502
3371,21629
3372,85213
3373,84075
3374,89027
3375,47909
3376,85302
3377,53713
3378,85302
3379,98512
3380,57350
3381,37692
3382,33428
3383,44505
3384,85295
3385,32117
3386,57701
3387,28540
3388,76017
3389,23229
3390,30534
3391,80234
3392,71105
3393,58075
3394,23005
3395,49441
3396,96707
3397,85716
3398,32641
3399,78539
3400,23227
3401,33825
3402,78253
3403,27502
3404,23234
3405,60085
3406,29445
3407,60099
3408,40509
3409,33032
3410,83301
3411,85382
3412,91910
3413,84660
3414,75040
3415,70769
3416,39301
3417,46228
3418,46221
3419,78109
3420,60461
3421,64801
3422,78148
3423,85281
3424,37921
3425,33931
3426,84660
3427,90805
3428,84604
3429,23462
3430,79932
3431,28411
3432,72762
3433,78526
3434,76210
3435,78016
3436,78009
3437,75604
3438,78108
3439,95695
3440,40165
3441,90242
3442,78251
3443,78640
3444,98405
3445,70454
3446,90680
3447,33144
3448,68131
3449,68164
3450,33771
3451,27560
3452,32822
3453,29650
3454,30909
3455,72801
3456,5829
3457,8857
3458,34743
3459,28227
3460,27519
3461,78231
3462,78613
3463,37874
3464,32805
3465,72012
3466,92021
3467,76114
3468,37919
3469,75142
3470,92841
3471,95112
3472,97477
3473,75093
3474,97140
3475,83651
3476,77807
3477,11756
3478,35630
3479,30041
3480,35080
3481,23230
3482,77901
3483,35633
3484,75703
3485,32810
3486,66062
3487,31909
3488,73020
3489,80014
3490,87015
3491,84109
3492,86426
3493,95661
3494,36618
3495,32810
3496,68410
3497,47201
3498,75474
3499,85374
3500,30907
3501,97113
3502,78610
3503,23453
3504,28613
3505,37801
3506,37327
3507,85310
3508,46818
3509,85032
3510,47803
3511,46816
3512,29707
3513,93657
3514,89506
3515,48420
3516,74074
3517,75077
3518,27560
3519,86004
3520,56470
3521,59501
3522,56482
3523,83868
3524,56378
3525,50010
3526,44035
3527,32162
3528,34953
3529,85704
3530,22406
3531,55912
3532,62565
3533,84321
3534,28451
3535,85381
3536,28037
3537,18517
3538,54848
3539,25526
3540,76065
3541,31909
3542,80226
3543,60538
3544,25015
3545,44109
3546,80020
3547,85042
3548,33147
3549,95662
3550,71303
3551,36054
3552,68333
3553,85225
3554,77396
3555,35043
3556,60901
3557,79424
3558,32819
3559,67204
3560,28787
3561,85335
3562,80831
3563,85365
3564,89081
3565,85349
3566,92345
3567,87901
3568,36532
3569,16635
3570,22482
3571,34105
3572,85939
3573,58104
3574,32526
3575,32832
3576,75503
3577,99504
3578,89408
3579,79912
3580,68124
3581,34472
3582,89113
3583,75503
3584,72762
3585,26537
3586,75503
3587,81625
3588,72712
3589,29210
3590,23418
3591,33071
3592,65616
3593,1607
3594,48126
3595,55355
3596,3785
3597,22980
3598,73703
3599,95660
3600,92392
3601,99224
3602,46514
3603,83854
3604,12804
3605,28630
3606,59044
3607,36117
3608,17319
3609,29466
3610,30153
3611,60502
3612,40515
3613,37166
3614,79907
3615,46113
3616,31909
3617,77086
3618,25404
3619,29070
3620,31904
3621,32818
3622,48093
3623,85138
3624,32303
3625,28803
3626,28115
3627,84045
3628,30004
3629,34476
3630,28658
3631,49079
3632,29063
3633,33406
3634,29631
3635,29621
3636,33407
3637,32258
3638,40243
3639,29617
3640,37207
3641,85142
3642,27856
3643,8083
3644,75401
3645,29512
3646,27540
3647,77433
3648,77450
3649,37040
3650,41230
3651,64801
3652,99611
3653,85705
3654,82301
3655,30038
3656,72113
3657,66061
3658,77478
3659,23832
3660,37188
3661,79110
3662,37122
3663,81504
3664,85706
3665,83605
3666,35023
3667,64804
3668,27265
3669,27616
3670,43551
3671,29801
3672,93933
3673,33067
3674,27597
3675,29203
3676,23284
3677,78576
3678,75052
3679,15417
3680,76126
3681,35209
3682,31701
3683,61282
3684,77449
3685,22602
3686,72701
3687,31313
3688,32317
3689,29073
3690,30720
3691,31313
3692,60451
3693,40216
3694,77022
3695,31501
3696,60446
3697,31419
3698,77449
3699,48836
3700,38060
3701,27893
3702,32960
3703,64133
3704,78757
3705,89121
3706,31419
3707,30016
3708,33411
3709,85344
3710,33004
3711,27530
3712,32163
3713,80602
3714,12458
3715,68008
3716,58318
3717,28027
3718,71270
3719,72908
3720,32566
3721,39532
3722,36695
3723,35216
3724,74055
3725,32808
3726,37042
3727,29615
3728,33322
3729,64082
3730,29732
3731,14120
3732,28021
3733,68028
3734,80547
3735,85711
3736,75703
3737,37042
3738,88011
3739,50213
3740,40513
3741,45251
3742,66226
3743,74033
3744,30528
3745,77573
3746,33062
3747,19526
3748,23605
3749,38801
3750,67846
3751,66441
3752,76201
3753,67901
3754,37716
3755,74014
3756,24522
3757,46320
3758,22968
3759,80107
3760,60142
3761,36608
3762,15005
3763,74012
3764,36609
3765,70808
3766,48038
3767,29526
3768,33755
3769,33781
3770,82007
3771,37411
3772,36832
3773,87120
3774,75961
3775,53150
3776,84737
3777,70706
3778,22942
3779,33611
3780,36109
3781,19406
3782,72712
3783,70810
3784,84062
3785,33713
3786,36116
3787,72364
3788,15108
3789,24501
3790,84032
3791,62035
3792,61364
3793,84062
3794,84044
3795,80002
3796,37412
3797,98503
3798,80233
3799,91765
3800,35007
3801,95610
3802,33024
3803,55768
3804,28226
3805,57107
3806,32210
3807,81147
3808,92543
3809,95687
3810,8619
3811,30354
3812,27265
3813,27407
3814,75228
3815,70130
3816,91950
3817,46835
3818,43614
3819,43615
3820,14043
3821,43616
3822,90620
3823,33966
3824,80701
3825,33860
3826,85743
3827,33625
3828,32097
3829,19934
3830,60585
3831,15106
3832,38125
3833,27520
3834,77375
3835,61036
3836,8106
3837,98391
3838,48165
3839,80127
3840,70769
3841,80634
3842,32225
3843,34114
3844,42240
3845,37013
3846,37130
3847,60102
3848,36830
3849,44011
3850,49048
3851,49009
3852,89148
3853,28270
3854,90501
3855,73505
3856,92056
3857,98042
3858,4412
3859,7005
3860,76054
3861,70075
3862,98908
3863,39571
3864,44124
3865,44129
3866,29582
3867,26059
3868,28012
3869,55076
3870,54115
3871,75067
3872,74105
3873,77429
3874,77096
3875,92211
3876,6106
3877,48604
3878,36609
3879,70053
3880,89048
3881,19124
3882,35215
3883,81505
3884,22630
3885,32765
3886,45439
3887,79936
3888,37115
3889,84120
3890,84020
3891,35125
3892,7069
3893,52806
3894,77571
3895,27617
3896,37211
3897,38115
3898,80920
3899,85301
3900,35960
3901,70570
3902,20784
3903,54601
3904,19114
3905,19053
3906,32708
3907,96007
3908,22980
3909,95901
3910,93313
3911,80016
3912,95620
3913,91942
3914,68116
3915,37421
3916,78109
3917,78213
3918,40160
3919,7753
3920,78250
3921,75211
3922,37128
3923,63143
3924,64014
3925,88005
3926,30161
3927,92223
3928,61550
3929,48661
3930,91770
3931,91307
3932,49202
3933,90650
3934,78516
3935,91355
3936,84651
3937,69162
3938,30720
3939,32348
3940,84701
3941,36575
3942,88030
3943,38506
3944,7866
3945,66212
3946,37128
3947,32825
3948,40299
3949,43110
3950,43228
3951,85295
3952,75126
3953,85031
3954,95842
3955,37343
3956,92555
3957,85085
3958,98204
3959,38116
3960,35763
3961,8817
3962,31794
3963,11725
3964,17601
3965,60002
3966,71112
3967,43140
3968,84040
3969,84405
3970,75098
3971,66212
3972,75070
3973,34747
3974,92315
3975,79106
3976,66049
3977,33614
3978,78251
3979,33711
3980,22015
3981,33604
3982,21045
3983,78249
3984,19095
3985,81650
3986,95632
3987,84118
3988,19505
3989,84015
3990,84094
3991,42101
3992,14850
3993,15642
3994,13039
3995,35476
3996,77488
3997,78223
3998,76262
3999,34759
4000,72223
4001,30052
4002,37411
4003,27587
4004,23322
4005,85205
4006,33615
4007,72758
4008,89108
4009,89130
4010,64856
4011,35124
4012,34229
4013,34667
4014,30606
4015,34772
4016,37323
4017,35405
4018,89183
4019,84042
4020,96782
4021,60074
4022,1020
4023,98382
4024,98370
4025,29483
4026,49024
4027,30189
4028,7095
4029,14616
4030,73120
4031,44705
4032,75159
4033,77379
4034,29170
4035,6460
4036,78245
4037,11581
4038,27610
4039,25504
4040,40207
4041,28052
4042,33534
4043,11735
4044,33406
4045,34714
4046,85204
4047,86305
4048,89031
4049,91911
4050,66030
4051,66203
4052,44074
4053,75071
4054,76111
4055,63367
4056,32837
4057,76179
4058,73109
4059,29210
4060,78748
4061,25801
4062,33919
4063,70769
4064,73170
4065,27406
4066,33063
4067,70817
4068,34481
4069,70816
4070,85043
4071,85086
4072,85017
4073,80011
4074,85203
4075,92227
4076,74037
4077,93611
4078,15238
4079,92111
4080,85364
4081,21286
4082,22407
4083,8002
4084,20754
4085,27302
4086,33928
4087,36107
4088,84117
4089,77373
4090,80021
4091,85212
4092,43326
4093,60510
4094,15717
4095,17257
4096,76020
4097,16354
4098,74075
4099,30250
4100,68137
4101,32901
4102,32935
4103,29577
4104,85338
4105,97302
4106,54729
4107,29680
4108,80504
4109,47714
4110,45320
4111,48763
4112,15425
4113,29033
4114,2339
4115,15102
4116,29150
4117,43512
4118,8302
4119,44062
4120,21122
4121,49417
4122,76712
4123,30060
4124,31513
4125,77573
4126,27406
4127,34109
4128,93618
4129,97322
4130,55987
4131,61021
4132,61802
4133,46226
4134,61101
4135,46227
4136,60430
4137,44708
4138,45315
4139,48846
4140,8734
4141,40214
4142,40218
4143,34746
4144,76011
4145,38632
4146,63376
4147,39819
4148,89156
4149,60639
4150,97524
4151,92583
4152,63376
4153,94538
4154,85388
4155,87121
4156,54017
4157,71909
4158,94579
4159,95122
4160,55104
4161,6513
4162,97086
4163,53151
4164,66617
4165,60101
4166,85206
4167,49938
4168,16504
4169,46203
4170,7032
4171,15370
4172,77459
4173,2767
4174,33914
4175,21901
4176,47710
4177,19808
4178,33991
4179,78374
4180,81416
4181,98682
4182,98683
4183,32907
4184,53027
4185,70301
4186,37814
4187,43123
4188,37814
4189,16652
4190,44903
4191,48176
4192,65101
4193,8096
4194,78660
4195,78665
4196,46143
4197,60478
4198,28216
4199,31024
4200,60805
4201,29690
4202,23505
4203,28372
4204,78254
4205,87112
4206,83402
4207,87801
4208,13637
4209,19036
4210,17331
4211,45150
4212,13367
4213,92648
4214,92688
4215,90746
4216,90242
4217,90250
4218,91402
4219,95776
4220,94589
4221,95687
4222,94583
4223,94566
4224,76011
4225,77023
4226,76034
4227,33018
4228,37204
4229,33578
4230,60639
4231,32561
4232,75234
4233,55430
4234,97030
4235,98272
4236,95501
4237,93726
4238,93611
4239,85713
4240,93710
4241,93291
4242,92054
4243,92102
4244,92840
4245,93036
4246,90631
4247,92606
4248,92805
4249,18976
4250,60608
4251,36561
4252,60657
4253,75075
4254,93454
4255,93458
4256,90638
4257,92509
4258,33614
4259,93010
4260,53172
4261,53129
4262,33765
4263,53215
4264,75002
4265,33033
4266,75048
4267,87112
4268,80219
4269,98037
4270,95758
4271,92618
4272,91942
4273,91502
4274,93551
4275,91786
4276,65804
4277,65810
4278,75701
4279,93630
4280,53214
4281,79423
4282,35758
4283,34953
4284,29576
4285,72211
4286,30248
4287,53406
4288,78045
4289,95356
4290,76227
4291,79601
4292,35802
4293,88310
4294,85719
4295,70058
4296,22508
4297,47630
4298,34202
4299,13790
4300,37660
4301,30813
4302,72764
4303,36606
4304,72704
4305,32825
4306,36582
4307,27529
4308,35758
4309,29710
4310,28097
4311,93907
4312,50111
4313,7026
4314,23188
4315,23518
4316,33606
4317,48188
4318,33467
4319,84095
4320,46038
4321,95037
4322,33467
4323,76052
4324,36305
4325,85282
4326,32514
4327,22306
4328,70364
4329,70563
4330,39564
4331,6234
4332,34461
4333,60620
4334,88001
4335,30143
4336,72450
4337,22485
4338,28376
4339,71913
4340,71901
4341,66762
4342,85730
4343,19363
4344,46224
4345,90221
4346,73069
4347,58203
4348,78542
4349,31705
4350,75249
4351,78543
4352,30513
4353,30907
4354,30115
4355,32224
4356,32277
4357,30008
4358,32257
4359,32259
4360,32068
4361,75231
4362,72758
4363,33511
4364,75149
4365,24540
4366,81005
4367,33774
4368,72758
4369,70448
4370,97504
4371,74055
4372,48195
4373,85331
4374,83646
4375,95363
4376,32578
4377,34741
4378,48152
4379,27858
4380,98632
4381,95757
4382,23139
4383,43081
4384,85747
4385,89410
4386,67212
4387,93280
4388,73110
4389,75034
4390,7002
4391,83843
4392,32839
4393,90503
4394,32837
4395,34698
4396,32459
4397,19064
4398,22030
4399,99212
4400,95118
4401,28078
4402,17011
4403,33461
4404,75220
4405,92024
4406,95301
4407,19137
4408,32765
4409,78414
4410,48375
4411,97217
4412,36870
4413,31907
4414,37862
4415,33435
4416,80233
4417,29577
4418,33189
4419,63033
4420,23451
4421,98604
4422,75243
4423,92801
4424,35805
4425,33027
4426,97223
4427,98006
4428,20001
4429,79904
4430,92154
4431,33012
4432,22182
4433,91791
4434,93277
4435,80212
4436,79927
4437,77007
4438,75022
4439,33610
4440,79904
4441,20011
4442,60628
4443,20151
4444,55434
4445,55337
4446,95608
4447,95648
4448,95746
4449,32807
4450,95821
4451,75189
4452,67203
4453,67207
4454,55044
4455,97068
4456,32837
4457,92027
4458,75098
4459,78501
4460,97006
4461,78596
4462,39507
4463,39540
4464,74135
4465,60016
4466,36567
4467,66106
4468,27410
4469,29485
4470,80010
4471,33935
4472,80030
4473,34609
4474,23464
4475,28262
4476,27012
4477,27106
4478,27103
4479,76549
4480,39503
4481,37814
4482,66605
4483,46226
4484,32725
4485,29910
4486,53223
4487,76548
4488,39272
4489,75702
4490,46168
4491,85051
4492,85226
4493,46122
4494,64055
4495,95823
4496,32534
4497,33624
4498,23452
4499,29860
4500,70458
4501,70601
4502,66606
4503,77357
4504,28027
4505,76118
4506,79934
4507,70458
4508,31408
4509,70611
4510,31605
4511,78504
4512,23502
4513,27021
4514,79938
4515,27284
4516,38133
4517,27104
4518,39531
4519,78572
4520,75048
4521,72404
4522,28306
4523,29646
4524,33948
4525,35750
4526,79423
4527,40219
4528,71107
4529,33909
4530,76502
4531,22556
4532,22853
4533,26601
4534,74012
4535,28326
4536,72712
4537,72401
4538,29730
4539,38637
4540,75071
4541,72751
4542,33578
4543,72023
4544,33449
4545,72761
4546,32244
4547,28574
4548,28034
4549,30344
4550,37086
4551,84065
4552,75409
4553,63701
4554,28054
4555,47167
4556,63901
4557,23223
4558,70380
4559,28546
4560,69153
4561,28086
4562,76643
4563,28443
4564,84096
4565,22801
4566,23234
4567,75407
4568,28173
4569,30028
4570,28570
4571,29907
4572,29532
4573,27263
4574,27295
4575,59405
4576,28563
4577,76901
4578,28358
4579,27834
4580,75146
4581,34287
4582,31620
4583,79922
4584,28590
4585,75115
4586,70818
4587,75088
4588,72730
4589,28529
4590,70726
4591,31791
4592,31014
4593,36502
4594,76123
4595,65712
4596,35810
4597,48176
4598,40324
4599,75024
4600,73071
4601,35058
4602,40014
4603,78264
4604,70816
4605,47670
4606,28638
4607,76903
4608,70520
4609,34986
4610,34233
4611,77346
4612,73071
4613,76904
4614,77494
4615,34203
4616,28655
4617,28602
4618,72058
4619,85364
4620,73159
4621,35811
4622,28384
4623,27858
4624,30813
4625,27534
4626,27534
4627,35757
4628,77433
4629,79118
4630,76053
4631,79109
4632,77584
4633,72712
4634,84106
4635,75248
4636,84117
